0, 1571859278269, 1571859278299, 1571859279327, 1058, 1028, 30
1, 1571859309463, 1571859309500, 1571859310425, 962, 925, 37
2, 1571859398763, 1571859398791, 1571859399413, 650, 622, 28
3, 1571859459069, 1571859459098, 1571859459556, 487, 458, 29
4, 1571859489295, 1571859489322, 1571859489695, 400, 373, 27
5, 1571859610819, 1571859610853, 1571859611761, 942, 908, 34
6, 1571859701206, 1571859701236, 1571859701832, 626, 596, 30
7, 1571859761452, 1571859761481, 1571859762305, 853, 824, 29
8, 1571859821682, 1571859821709, 1571859822389, 707, 680, 27
9, 1571859882021, 1571859882045, 1571859882435, 414, 390, 24
10, 1571859942201, 1571859942226, 1571859942609, 408, 383, 25
11, 1571860003541, 1571860003567, 1571860004619, 1078, 1052, 26
12, 1571860053784, 1571860053807, 1571860054688, 904, 881, 23
13, 1571860114101, 1571860114118, 1571860114783, 682, 665, 17
14, 1571860174428, 1571860174444, 1571860174927, 499, 483, 16
15, 1571860234729, 1571860234754, 1571860234975, 246, 221, 25
16, 1571860295048, 1571860295074, 1571860296073, 1025, 999, 26
17, 1571860355361, 1571860355389, 1571860356167, 806, 778, 28
18, 1571860415688, 1571860415715, 1571860416266, 578, 551, 27
19, 1571860477006, 1571860477022, 1571860477568, 562, 546, 16
20, 1571860537346, 1571860537374, 1571860538467, 1121, 1093, 28
21, 1571860596538, 1571860596558, 1571860597534, 996, 976, 20
22, 1571860657770, 1571860657796, 1571860658741, 971, 945, 26
23, 1571860718049, 1571860718077, 1571860718782, 733, 705, 28
24, 1571860779358, 1571860779380, 1571860779921, 563, 541, 22
25, 1571860838565, 1571860838593, 1571860838858, 293, 265, 28
26, 1571860868728, 1571860868755, 1571860868994, 266, 239, 27
27, 1571860960112, 1571860960127, 1571860961246, 1134, 1119, 15
28, 1571861020388, 1571861020405, 1571861021349, 961, 944, 17
29, 1571861079626, 1571861079653, 1571861080429, 803, 776, 27
30, 1571861139921, 1571861139944, 1571861140479, 558, 535, 23
31, 1571861201152, 1571861201178, 1571861201662, 510, 484, 26
32, 1571861261362, 1571861261379, 1571861261738, 376, 359, 17
33, 1571861320577, 1571861320606, 1571861321867, 1290, 1261, 29
34, 1571861380860, 1571861380891, 1571861381882, 1022, 991, 31
35, 1571861441082, 1571861441099, 1571861441854, 772, 755, 17
36, 1571861501365, 1571861501382, 1571861501987, 622, 605, 17
37, 1571861561652, 1571861561677, 1571861562075, 423, 398, 25
38, 1571861621868, 1571861621886, 1571861622161, 293, 275, 18
39, 1571861682057, 1571861682073, 1571861683316, 1259, 1243, 16
40, 1571861752336, 1571861752363, 1571861753317, 981, 954, 27
41, 1571861782480, 1571861782504, 1571861783564, 1084, 1060, 24
42, 1571861872785, 1571861872813, 1571861873469, 684, 656, 28
43, 1571861932992, 1571861933026, 1571861933487, 495, 461, 34
44, 1571861953057, 1571861953073, 1571861953556, 499, 483, 16
