0, 1571873732402, 1571873732431, 1571873732938, 536, 507, 29
1, 1571873762552, 1571873762579, 1571873763164, 612, 585, 27
2, 1571873792635, 1571873792662, 1571873793046, 411, 384, 27
3, 1571873913097, 1571873913124, 1571873914127, 1030, 1003, 27
4, 1571873973400, 1571873973429, 1571873974250, 850, 821, 29
5, 1571874003591, 1571874003616, 1571874004278, 687, 662, 25
6, 1571874063888, 1571874063915, 1571874064453, 565, 538, 27
7, 1571874151257, 1571874151287, 1571874152640, 1383, 1353, 30
8, 1571874215532, 1571874215555, 1571874216547, 1015, 992, 23
9, 1571874275771, 1571874275800, 1571874276628, 857, 828, 29
10, 1571874366237, 1571874366264, 1571874366737, 500, 473, 27
11, 1571874456601, 1571874456626, 1571874457234, 633, 608, 25
12, 1571874486830, 1571874486862, 1571874488006, 1176, 1144, 32
13, 1571874577302, 1571874577329, 1571874578168, 866, 839, 27
14, 1571874637626, 1571874637652, 1571874638154, 528, 502, 26
15, 1571874667834, 1571874667858, 1571874668384, 550, 526, 24
16, 1571874758276, 1571874758302, 1571874758539, 263, 237, 26
17, 1571874818567, 1571874818587, 1571874819581, 1014, 994, 20
18, 1571874878888, 1571874878915, 1571874879852, 964, 937, 27
19, 1571874939212, 1571874939238, 1571874939840, 628, 602, 26
20, 1571874999476, 1571874999504, 1571875000015, 539, 511, 28
21, 1571875060887, 1571875060913, 1571875062295, 1408, 1382, 26
22, 1571875088989, 1571875089018, 1571875089967, 978, 949, 29
23, 1571875181339, 1571875181365, 1571875182148, 809, 783, 26
24, 1571875241622, 1571875241646, 1571875242426, 804, 780, 24
25, 1571875271753, 1571875271776, 1571875272500, 747, 724, 23
26, 1571875362176, 1571875362202, 1571875363458, 1282, 1256, 26
27, 1571875422405, 1571875422431, 1571875423445, 1040, 1014, 26
28, 1571875477700, 1571875477725, 1571875478582, 882, 857, 25
29, 1571875543029, 1571875543055, 1571875543849, 820, 794, 26
30, 1571875573234, 1571875573261, 1571875573635, 401, 374, 27
31, 1571875630519, 1571875630543, 1571875631978, 1459, 1435, 24
32, 1571875723841, 1571875723870, 1571875724849, 1008, 979, 29
33, 1571875784084, 1571875784112, 1571875785178, 1094, 1066, 28
34, 1571875844352, 1571875844379, 1571875845070, 718, 691, 27
35, 1571875874515, 1571875874542, 1571875875020, 505, 478, 27
36, 1571875960819, 1571875960847, 1571875961307, 488, 460, 28
37, 1571876017099, 1571876017128, 1571876018189, 1090, 1061, 29
38, 1571876042260, 1571876042288, 1571876043285, 1025, 997, 28
39, 1571876146718, 1571876146745, 1571876147457, 739, 712, 27
40, 1571876195869, 1571876195896, 1571876196553, 684, 657, 27
41, 1571876237092, 1571876237117, 1571876237521, 429, 404, 25
42, 1571876327453, 1571876327482, 1571876328630, 1177, 1148, 29
43, 1571876387679, 1571876387708, 1571876388924, 1245, 1216, 29
44, 1571876447886, 1571876447913, 1571876448970, 1084, 1057, 27
