0, 1571880515348, 1571880515375, 1571880516368, 1020, 993, 27
1, 1571880525415, 1571880525440, 1571880526430, 1015, 990, 25
2, 1571880635739, 1571880635765, 1571880636379, 640, 614, 26
3, 1571880675893, 1571880675914, 1571880676567, 674, 653, 21
4, 1571880876477, 1571880876506, 1571880877334, 857, 828, 29
5, 1571880936613, 1571880936643, 1571880937429, 816, 786, 30
6, 1571880996796, 1571880996825, 1571880997497, 701, 672, 29
7, 1571881057053, 1571881057083, 1571881057568, 515, 485, 30
8, 1571881067117, 1571881067134, 1571881067582, 465, 448, 17
9, 1571881298071, 1571881298100, 1571881298947, 876, 847, 29
10, 1571881358300, 1571881358323, 1571881359311, 1011, 988, 23
11, 1571881418509, 1571881418538, 1571881419390, 881, 852, 29
12, 1571881468764, 1571881468785, 1571881469516, 752, 731, 21
13, 1571881539089, 1571881539111, 1571881539558, 469, 447, 22
14, 1571881589259, 1571881589285, 1571881589740, 481, 455, 26
15, 1571881709848, 1571881709870, 1571881710910, 1062, 1040, 22
16, 1571881780182, 1571881780200, 1571881780886, 704, 686, 18
17, 1571881830452, 1571881830468, 1571881831077, 625, 609, 16
18, 1571881900742, 1571881900767, 1571881901248, 506, 481, 25
19, 1571881961043, 1571881961071, 1571881962246, 1203, 1175, 28
20, 1571882021371, 1571882021390, 1571882022447, 1076, 1057, 19
21, 1571882081621, 1571882081647, 1571882082536, 915, 889, 26
22, 1571882141973, 1571882141995, 1571882142592, 619, 597, 22
23, 1571882202259, 1571882202284, 1571882202636, 377, 352, 25
24, 1571882262579, 1571882262599, 1571882263839, 1260, 1240, 20
25, 1571882322862, 1571882322891, 1571882323783, 921, 892, 29
26, 1571882383078, 1571882383106, 1571882383897, 819, 791, 28
27, 1571882443341, 1571882443369, 1571882443984, 643, 615, 28
28, 1571882493552, 1571882493574, 1571882494009, 457, 435, 22
29, 1571882543767, 1571882543794, 1571882544087, 320, 293, 27
30, 1571882684387, 1571882684413, 1571882685284, 897, 871, 26
31, 1571882744706, 1571882744731, 1571882745485, 779, 754, 25
32, 1571882794939, 1571882794956, 1571882795520, 581, 564, 17
33, 1571882855168, 1571882855194, 1571882855558, 390, 364, 26
34, 1571882875294, 1571882875321, 1571882875638, 344, 317, 27
35, 1571883045913, 1571883045941, 1571883046797, 884, 856, 28
36, 1571883096127, 1571883096153, 1571883096909, 782, 756, 26
37, 1571883156426, 1571883156449, 1571883157083, 657, 634, 23
38, 1571883216638, 1571883216666, 1571883217011, 373, 345, 28
39, 1571883276937, 1571883276962, 1571883277150, 213, 188, 25
40, 1571883337266, 1571883337285, 1571883338487, 1221, 1202, 19
41, 1571883397427, 1571883397453, 1571883398320, 893, 867, 26
42, 1571883456620, 1571883456645, 1571883457386, 766, 741, 25
43, 1571883517906, 1571883517927, 1571883518475, 569, 548, 21
44, 1571883568056, 1571883568089, 1571883568590, 534, 501, 33
