0, 1571891010383, 1571891010448, 1571891011284, 901, 836, 65
1, 1571891080591, 1571891080628, 1571891081334, 743, 706, 37
2, 1571891115739, 1571891115766, 1571891116372, 633, 606, 27
3, 1571891185929, 1571891185950, 1571891186487, 558, 537, 21
4, 1571891256145, 1571891256177, 1571891256512, 367, 335, 32
5, 1571891291273, 1571891291296, 1571891291549, 276, 253, 23
6, 1571891360495, 1571891360519, 1571891361622, 1127, 1103, 24
7, 1571891431701, 1571891431730, 1571891432693, 992, 963, 29
8, 1571891501951, 1571891501975, 1571891502812, 861, 837, 24
9, 1571891537117, 1571891537143, 1571891537856, 739, 713, 26
10, 1571891571197, 1571891571229, 1571891572379, 1182, 1150, 32
11, 1571892099073, 1571892099101, 1571892099924, 851, 823, 28
12, 1571892134205, 1571892134230, 1571892134978, 773, 748, 25
13, 1571892204476, 1571892204500, 1571892204981, 505, 481, 24
14, 1571892274826, 1571892274853, 1571892275207, 381, 354, 27
15, 1571892345078, 1571892345104, 1571892346223, 1145, 1119, 26
16, 1571892380272, 1571892380293, 1571892381363, 1091, 1070, 21
17, 1571892450552, 1571892450581, 1571892451422, 870, 841, 29
18, 1571892520835, 1571892520863, 1571892521530, 695, 667, 28
19, 1571892555999, 1571892556026, 1571892556476, 477, 450, 27
20, 1571892626353, 1571892626382, 1571892626749, 396, 367, 29
21, 1571892696705, 1571892696730, 1571892697760, 1055, 1030, 25
22, 1571892767085, 1571892767108, 1571892767250, 165, 142, 23
23, 1571892802214, 1571892802241, 1571892803363, 1149, 1122, 27
24, 1571892872622, 1571892872638, 1571892873484, 862, 846, 16
25, 1571892942926, 1571892942955, 1571892943546, 620, 591, 29
26, 1571892978089, 1571892978124, 1571892978746, 657, 622, 35
27, 1571893048445, 1571893048473, 1571893048905, 460, 432, 28
28, 1571893118825, 1571893118845, 1571893119930, 1105, 1085, 20
29, 1571893294575, 1571893294600, 1571893295071, 496, 471, 25
30, 1571893364933, 1571893364954, 1571893365411, 478, 457, 21
31, 1571893400061, 1571893400090, 1571893400464, 403, 374, 29
32, 1571893470355, 1571893470384, 1571893471521, 1166, 1137, 29
33, 1571893540657, 1571893540684, 1571893541563, 906, 879, 27
34, 1571893575852, 1571893575886, 1571893576663, 811, 777, 34
35, 1571893611013, 1571893611043, 1571893611687, 674, 644, 30
36, 1571894149326, 1571894149348, 1571894149750, 424, 402, 22
37, 1571894184513, 1571894184535, 1571894185797, 1284, 1262, 22
38, 1571894254781, 1571894254803, 1571894255707, 926, 904, 22
39, 1571894325018, 1571894325039, 1571894325818, 800, 779, 21
40, 1571894360124, 1571894360153, 1571894360818, 694, 665, 29
41, 1571894430440, 1571894430467, 1571894430901, 461, 434, 27
42, 1571894500757, 1571894500789, 1571894500989, 232, 200, 32
43, 1571894571008, 1571894571032, 1571894572253, 1245, 1221, 24
