0, 1571873292913, 1571873292941, 1571873294108, 1195, 1167, 28
1, 1571873302979, 1571873303004, 1571873304110, 1131, 1106, 25
2, 1571873413299, 1571873413325, 1571873414162, 863, 837, 26
3, 1571873453468, 1571873453496, 1571873454261, 793, 765, 28
4, 1571873654066, 1571873654095, 1571873654377, 311, 282, 29
5, 1571873714207, 1571873714236, 1571873714472, 265, 236, 29
6, 1571873774419, 1571873774450, 1571873775601, 1182, 1151, 31
7, 1571873834659, 1571873834688, 1571873835554, 895, 866, 29
8, 1571873844720, 1571873844748, 1571873845564, 844, 816, 28
9, 1571874075697, 1571874075726, 1571874077027, 1330, 1301, 29
10, 1571874135937, 1571874135963, 1571874136911, 974, 948, 26
11, 1571874196174, 1571874196202, 1571874197089, 915, 887, 28
12, 1571874246432, 1571874246459, 1571874247095, 663, 636, 27
13, 1571874316768, 1571874316795, 1571874317246, 478, 451, 27
14, 1571874366925, 1571874366951, 1571874367257, 332, 306, 26
15, 1571874487540, 1571874487562, 1571874488424, 884, 862, 22
16, 1571874557934, 1571874557965, 1571874558564, 630, 599, 31
17, 1571874608208, 1571874608234, 1571874608649, 441, 415, 26
18, 1571874678512, 1571874678539, 1571874679841, 1329, 1302, 27
19, 1571874738820, 1571874738849, 1571874740071, 1251, 1222, 29
20, 1571874799138, 1571874799165, 1571874799663, 525, 498, 27
21, 1571874859399, 1571874859427, 1571874860893, 1494, 1466, 28
22, 1571874919756, 1571874919784, 1571874920743, 987, 959, 28
23, 1571874980024, 1571874980048, 1571874980785, 761, 737, 24
24, 1571875040328, 1571875040352, 1571875040815, 487, 463, 24
25, 1571875100644, 1571875100672, 1571875100991, 347, 319, 28
26, 1571875160859, 1571875160880, 1571875162001, 1142, 1121, 21
27, 1571875221129, 1571875221155, 1571875222083, 954, 928, 26
28, 1571875271345, 1571875271375, 1571875272246, 901, 871, 30
29, 1571875321568, 1571875321596, 1571875322254, 686, 658, 28
30, 1571875462213, 1571875462235, 1571875463363, 1150, 1128, 22
31, 1571875522525, 1571875522543, 1571875523447, 922, 904, 18
32, 1571875572763, 1571875572789, 1571875573517, 754, 728, 26
33, 1571875633010, 1571875633036, 1571875633692, 682, 656, 26
34, 1571875653130, 1571875653157, 1571875653673, 543, 516, 27
35, 1571875823760, 1571875823783, 1571875824828, 1068, 1045, 23
36, 1571875873969, 1571875873992, 1571875874985, 1016, 993, 23
37, 1571875934256, 1571875934279, 1571875935057, 801, 778, 23
38, 1571875994462, 1571875994489, 1571875995077, 615, 588, 27
39, 1571876054765, 1571876054789, 1571876055162, 397, 373, 24
40, 1571876115104, 1571876115119, 1571876116350, 1246, 1231, 15
41, 1571876175300, 1571876175329, 1571876176330, 1030, 1001, 29
42, 1571876234503, 1571876234523, 1571876235356, 853, 833, 20
43, 1571876295787, 1571876295813, 1571876296484, 697, 671, 26
44, 1571876345948, 1571876345976, 1571876346488, 540, 512, 28
