0, 1571883809083, 1571883809123, 1571883809567, 484, 444, 40
1, 1571883869293, 1571883869321, 1571883869619, 326, 298, 28
2, 1571883929436, 1571883929468, 1571883929670, 234, 202, 32
3, 1571883989658, 1571883989685, 1571883990738, 1080, 1053, 27
4, 1571884049853, 1571884049879, 1571884050788, 935, 909, 26
5, 1571884110043, 1571884110070, 1571884110952, 909, 882, 27
6, 1571884170259, 1571884170288, 1571884170958, 699, 670, 29
7, 1571884260573, 1571884260595, 1571884260995, 422, 400, 22
8, 1571884290674, 1571884290703, 1571884291145, 471, 442, 29
9, 1571884350890, 1571884350920, 1571884351216, 326, 296, 30
10, 1571884411048, 1571884411076, 1571884412202, 1154, 1126, 28
11, 1571884471213, 1571884471241, 1571884472193, 980, 952, 28
12, 1571884531351, 1571884531376, 1571884532234, 883, 858, 25
13, 1571884591513, 1571884591541, 1571884592393, 880, 852, 28
14, 1571884651758, 1571884651792, 1571884652390, 632, 598, 34
15, 1571884712013, 1571884712042, 1571884712514, 501, 472, 29
16, 1571884772185, 1571884772213, 1571884772591, 406, 378, 28
17, 1571884862657, 1571884862686, 1571884863777, 1120, 1091, 29
18, 1571884892779, 1571884892811, 1571884893801, 1022, 990, 32
19, 1571884983204, 1571884983230, 1571884983894, 690, 664, 26
20, 1571885013285, 1571885013309, 1571885013935, 650, 626, 24
21, 1571885073522, 1571885073551, 1571885073954, 432, 403, 29
22, 1571885103674, 1571885103705, 1571885104046, 372, 341, 31
23, 1571885224224, 1571885224247, 1571885225268, 1044, 1021, 23
24, 1571885314546, 1571885314574, 1571885315548, 1002, 974, 28
25, 1571885374881, 1571885374911, 1571885375639, 758, 728, 30
26, 1571885435152, 1571885435183, 1571885435605, 453, 422, 31
27, 1571885495477, 1571885495505, 1571885496672, 1195, 1167, 28
28, 1571885525686, 1571885525704, 1571885526832, 1146, 1128, 18
29, 1571885616096, 1571885616124, 1571885617163, 1067, 1039, 28
30, 1571885676393, 1571885676422, 1571885677182, 789, 760, 29
31, 1571885736704, 1571885736733, 1571885737343, 639, 610, 29
32, 1571885797012, 1571885797041, 1571885797475, 463, 434, 29
33, 1571885827219, 1571885827235, 1571885828535, 1316, 1300, 16
34, 1571885887479, 1571885887505, 1571885888597, 1118, 1092, 26
35, 1571886038082, 1571886038109, 1571886038683, 601, 574, 27
36, 1571886068290, 1571886068310, 1571886068678, 388, 368, 20
37, 1571886098363, 1571886098392, 1571886098717, 354, 325, 29
38, 1571886218871, 1571886218899, 1571886219981, 1110, 1082, 28
39, 1571886287185, 1571886287211, 1571886288033, 848, 822, 26
40, 1571886339403, 1571886339431, 1571886340081, 678, 650, 28
41, 1571886399724, 1571886399752, 1571886400190, 466, 438, 28
42, 1571886459980, 1571886460012, 1571886460323, 343, 311, 32
