0, 1571862013810, 1571862013895, 1571862014974, 1164, 1079, 85
1, 1571862175303, 1571862175320, 1571862177104, 1801, 1784, 17
2, 1571862218387, 1571862218404, 1571862219542, 1155, 1138, 17
3, 1571862624438, 1571862624453, 1571862625048, 610, 595, 15
4, 1571862644504, 1571862644526, 1571862646057, 1553, 1531, 22
5, 1571862684537, 1571862684553, 1571862685167, 630, 614, 16
6, 1571863017340, 1571863017365, 1571863018010, 670, 645, 25
7, 1571863077574, 1571863077589, 1571863078042, 468, 453, 15
8, 1571863157965, 1571863157984, 1571863159329, 1364, 1345, 19
9, 1571863198021, 1571863198037, 1571863199241, 1220, 1204, 16
10, 1571863261276, 1571863261291, 1571863262286, 1010, 995, 15
11, 1571863341637, 1571863341653, 1571863342424, 787, 771, 16
12, 1571863392896, 1571863392922, 1571863393748, 852, 826, 26
13, 1571863432982, 1571863433009, 1571863433731, 749, 722, 27
14, 1571863513374, 1571863513403, 1571863513883, 509, 480, 29
15, 1571863574689, 1571863574718, 1571863574906, 217, 188, 29
16, 1571863635031, 1571863635057, 1571863636198, 1167, 1141, 26
17, 1571863675191, 1571863675217, 1571863676105, 914, 888, 26
18, 1571863755652, 1571863755678, 1571863756765, 1113, 1087, 26
19, 1571863815941, 1571863815956, 1571863816802, 861, 846, 15
20, 1571863876268, 1571863876291, 1571863876898, 630, 607, 23
21, 1571863936559, 1571863936585, 1571863937026, 467, 441, 26
22, 1571863996849, 1571863996883, 1571863997106, 257, 223, 34
23, 1571864057142, 1571864057161, 1571864058197, 1055, 1036, 19
24, 1571864097360, 1571864097386, 1571864098330, 970, 944, 26
25, 1571864137555, 1571864137573, 1571864138430, 875, 857, 18
