0, 1571865719219, 1571865719257, 1571865719850, 631, 593, 38
1, 1571865753344, 1571865753381, 1571865753843, 499, 462, 37
2, 1571865893845, 1571865893872, 1571865894961, 1116, 1089, 27
3, 1571865928933, 1571865928960, 1571865930192, 1259, 1232, 27
4, 1571865999162, 1571865999192, 1571866000110, 948, 918, 30
5, 1571866138620, 1571866138650, 1571866139181, 561, 531, 30
6, 1571866173777, 1571866173804, 1571866174217, 440, 413, 27
7, 1571866696602, 1571866696632, 1571866697849, 1247, 1217, 30
8, 1571866697632, 1571866697659, 1571866698705, 1073, 1046, 27
9, 1571866935666, 1571866935692, 1571866936002, 336, 310, 26
10, 1571866970806, 1571866970833, 1571866971052, 246, 219, 27
11, 1571867047173, 1571867047199, 1571867048235, 1062, 1036, 26
12, 1571867123583, 1571867123610, 1571867124287, 704, 677, 27
13, 1571867159702, 1571867159730, 1571867160466, 764, 736, 28
14, 1571867230040, 1571867230068, 1571867230626, 586, 558, 28
15, 1571867274241, 1571867274267, 1571867274561, 320, 294, 26
16, 1571867343620, 1571867343647, 1571867344713, 1093, 1066, 27
17, 1571867414933, 1571867414957, 1571867415763, 830, 806, 24
18, 1571867485299, 1571867485324, 1571867485812, 513, 488, 25
19, 1571867519487, 1571867519509, 1571867519894, 407, 385, 22
20, 1571867600915, 1571867600931, 1571867601670, 755, 739, 16
21, 1571867647156, 1571867647183, 1571867647737, 581, 554, 27
22, 1571867723586, 1571867723614, 1571867723802, 216, 188, 28
23, 1571867758735, 1571867758762, 1571867759854, 1119, 1092, 27
24, 1571867792905, 1571867792940, 1571867794066, 1161, 1126, 35
25, 1571867879300, 1571867879327, 1571867880001, 701, 674, 27
26, 1571867949606, 1571867949632, 1571867950192, 586, 560, 26
27, 1571868025949, 1571868025976, 1571868026276, 327, 300, 27
28, 1571868082239, 1571868082255, 1571868083347, 1108, 1092, 16
29, 1571868146500, 1571868146529, 1571868147376, 876, 847, 29
30, 1571868187725, 1571868187751, 1571868188387, 662, 636, 26
31, 1571868268113, 1571868268147, 1571868268598, 485, 451, 34
32, 1571868302269, 1571868302296, 1571868302639, 370, 343, 27
33, 1571868378606, 1571868378635, 1571868379644, 1038, 1009, 29
34, 1571868447917, 1571868447937, 1571868448960, 1043, 1023, 20
35, 1571868502141, 1571868502168, 1571868502830, 689, 662, 27
36, 1571868569406, 1571868569428, 1571868569993, 587, 565, 22
37, 1571868620577, 1571868620604, 1571868621014, 437, 410, 27
38, 1571868689892, 1571868689921, 1571868691151, 1259, 1230, 29
39, 1571868747153, 1571868747172, 1571868748168, 1015, 996, 19
40, 1571868762186, 1571868762204, 1571868763155, 969, 951, 18
41, 1571869045331, 1571869045360, 1571869046483, 1152, 1123, 29
42, 1571869106597, 1571869106623, 1571869107606, 1009, 983, 26
43, 1571869161802, 1571869161830, 1571869162621, 819, 791, 28
44, 1571869216977, 1571869216991, 1571869217669, 692, 678, 14
