0, 1571891047503, 1571891047539, 1571891048137, 634, 598, 36
1, 1571891081626, 1571891081657, 1571891082093, 467, 436, 31
2, 1571891222080, 1571891222106, 1571891223260, 1180, 1154, 26
3, 1571891257164, 1571891257185, 1571891258276, 1112, 1091, 21
4, 1571891327383, 1571891327415, 1571891328517, 1134, 1102, 32
5, 1571891466799, 1571891466828, 1571891467685, 886, 857, 29
6, 1571891501956, 1571891501978, 1571891502597, 641, 619, 22
7, 1571892024711, 1571892024738, 1571892025087, 376, 349, 27
8, 1571892025739, 1571892025765, 1571892026086, 347, 321, 26
9, 1571892263723, 1571892263750, 1571892264367, 644, 617, 27
10, 1571892298854, 1571892298882, 1571892299351, 497, 469, 28
11, 1571892375213, 1571892375238, 1571892376473, 1260, 1235, 25
12, 1571892451602, 1571892451618, 1571892452523, 921, 905, 16
13, 1571892487697, 1571892487726, 1571892488765, 1068, 1039, 29
14, 1571892558047, 1571892558072, 1571892558746, 699, 674, 25
15, 1571892602221, 1571892602246, 1571892602790, 569, 544, 25
16, 1571892671596, 1571892671634, 1571892671935, 339, 301, 38
17, 1571892742907, 1571892742933, 1571892745108, 2201, 2175, 26
18, 1571892813299, 1571892813319, 1571892814378, 1079, 1059, 20
19, 1571892847467, 1571892847491, 1571892848192, 725, 701, 24
20, 1571892928882, 1571892928909, 1571892929411, 529, 502, 27
21, 1571892975129, 1571892975156, 1571892975568, 439, 412, 27
22, 1571893051520, 1571893051544, 1571893052645, 1125, 1101, 24
23, 1571893086655, 1571893086682, 1571893087702, 1047, 1020, 27
24, 1571893120831, 1571893120867, 1571893121614, 783, 747, 36
25, 1571893207185, 1571893207211, 1571893207739, 554, 528, 26
26, 1571893277491, 1571893277512, 1571893279158, 1667, 1646, 21
27, 1571893353809, 1571893353837, 1571893354125, 316, 288, 28
28, 1571893410080, 1571893410106, 1571893411387, 1307, 1281, 26
29, 1571893474349, 1571893474379, 1571893475333, 984, 954, 30
30, 1571893515573, 1571893515602, 1571893516382, 809, 780, 29
31, 1571893595985, 1571893596012, 1571893596587, 602, 575, 27
32, 1571893630132, 1571893630158, 1571893630557, 425, 399, 26
33, 1571893706471, 1571893706501, 1571893706739, 268, 238, 30
34, 1571893775778, 1571893775808, 1571893776073, 295, 265, 30
35, 1571893830015, 1571893830037, 1571893831301, 1286, 1264, 22
36, 1571893897264, 1571893897287, 1571893898221, 957, 934, 23
37, 1571893948430, 1571893948458, 1571893949614, 1184, 1156, 28
38, 1571894017731, 1571894017757, 1571894018576, 845, 819, 26
39, 1571894074989, 1571894075013, 1571894075631, 642, 618, 24
40, 1571894090025, 1571894090043, 1571894090673, 648, 630, 18
41, 1571894373268, 1571894373295, 1571894374333, 1065, 1038, 27
42, 1571894434528, 1571894434546, 1571894435196, 668, 650, 18
43, 1571894489724, 1571894489750, 1571894490366, 642, 616, 26
44, 1571894544881, 1571894544905, 1571894545205, 324, 300, 24
