0, 1571894766082, 1571894766112, 1571894766775, 693, 663, 30
1, 1571894826238, 1571894826263, 1571894826866, 628, 603, 25
2, 1571894886465, 1571894886493, 1571894886896, 431, 403, 28
3, 1571894959736, 1571894959763, 1571894960959, 1223, 1196, 27
4, 1571895099197, 1571895099224, 1571895100116, 919, 892, 27
5, 1571895452250, 1571895452277, 1571895452487, 237, 210, 27
6, 1571895512468, 1571895512500, 1571895513502, 1034, 1002, 32
7, 1571895572721, 1571895572751, 1571895573571, 850, 820, 30
8, 1571895632894, 1571895632923, 1571895633629, 735, 706, 29
9, 1571895693159, 1571895693187, 1571895693780, 621, 593, 28
10, 1571895753436, 1571895753467, 1571895753815, 379, 348, 31
11, 1571895813766, 1571895813790, 1571895814954, 1188, 1164, 24
12, 1571895873990, 1571895874017, 1571895875048, 1058, 1031, 27
13, 1571895934256, 1571895934280, 1571895935057, 801, 777, 24
14, 1571896009586, 1571896009621, 1571896010315, 729, 694, 35
15, 1571896132181, 1571896132206, 1571896132577, 396, 371, 25
16, 1571896195385, 1571896195409, 1571896196479, 1094, 1070, 24
17, 1571896255699, 1571896255727, 1571896256592, 893, 865, 28
18, 1571896315964, 1571896315992, 1571896316723, 759, 731, 28
19, 1571896376275, 1571896376303, 1571896376801, 526, 498, 28
20, 1571896436606, 1571896436633, 1571896436871, 265, 238, 27
21, 1571896496848, 1571896496875, 1571896498031, 1183, 1156, 27
22, 1571896557143, 1571896557169, 1571896558057, 914, 888, 26
23, 1571896617428, 1571896617456, 1571896618166, 738, 710, 28
24, 1571896677742, 1571896677771, 1571896678403, 661, 632, 29
25, 1571896738042, 1571896738070, 1571896738412, 370, 342, 28
26, 1571896798394, 1571896798419, 1571896799628, 1234, 1209, 25
27, 1571896858615, 1571896858644, 1571896859672, 1057, 1028, 29
28, 1571896918825, 1571896918854, 1571896919630, 805, 776, 29
29, 1571896979106, 1571896979134, 1571896979718, 612, 584, 28
30, 1571897051434, 1571897051463, 1571897052155, 721, 692, 29
31, 1571897111694, 1571897111724, 1571897111948, 254, 224, 30
32, 1571897181021, 1571897181048, 1571897182107, 1086, 1059, 27
33, 1571897242363, 1571897242384, 1571897243167, 804, 783, 21
34, 1571897302680, 1571897302710, 1571897303270, 590, 560, 30
35, 1571897362895, 1571897362927, 1571897363355, 460, 428, 32
36, 1571897423203, 1571897423233, 1571897423490, 287, 257, 30
37, 1571897483426, 1571897483453, 1571897484506, 1080, 1053, 27
38, 1571897543674, 1571897543705, 1571897544532, 858, 827, 31
39, 1571897603911, 1571897603939, 1571897604687, 776, 748, 28
40, 1571897664141, 1571897664170, 1571897664746, 605, 576, 29
41, 1571897724381, 1571897724409, 1571897724822, 441, 413, 28
42, 1571897784660, 1571897784688, 1571897784976, 316, 288, 28
43, 1571897844955, 1571897844982, 1571897846000, 1045, 1018, 27
44, 1571897899180, 1571897899209, 1571897900077, 897, 868, 29
