0, 1571880223379, 1571880223430, 1571880224431, 1052, 1001, 51
1, 1571880283609, 1571880283635, 1571880284540, 931, 905, 26
2, 1571880362792, 1571880362821, 1571880363598, 806, 777, 29
3, 1571880444041, 1571880444071, 1571880444814, 773, 743, 30
4, 1571880463185, 1571880463209, 1571880463825, 640, 616, 24
5, 1571880523318, 1571880523349, 1571880523857, 539, 508, 31
6, 1571880583529, 1571880583557, 1571880583876, 347, 319, 28
7, 1571880703944, 1571880703974, 1571880705049, 1105, 1075, 30
8, 1571880764158, 1571880764186, 1571880765109, 951, 923, 28
9, 1571880852377, 1571880852407, 1571880853190, 813, 783, 30
10, 1571880883460, 1571880883490, 1571880884275, 815, 785, 30
11, 1571880943598, 1571880943626, 1571880944373, 775, 747, 28
12, 1571881003793, 1571881003838, 1571881004408, 615, 570, 45
13, 1571881064065, 1571881064095, 1571881064648, 583, 553, 30
14, 1571881124279, 1571881124305, 1571881124503, 224, 198, 26
15, 1571881184549, 1571881184571, 1571881185872, 1323, 1301, 22
16, 1571881243808, 1571881243826, 1571881244795, 987, 969, 18
17, 1571881304092, 1571881304118, 1571881304923, 831, 805, 26
18, 1571881364297, 1571881364324, 1571881364681, 384, 357, 27
19, 1571881545100, 1571881545127, 1571881545857, 757, 730, 27
20, 1571881605384, 1571881605414, 1571881606278, 894, 864, 30
21, 1571881724930, 1571881724956, 1571881725178, 248, 222, 26
22, 1571881785238, 1571881785256, 1571881786338, 1100, 1082, 18
23, 1571881845512, 1571881845538, 1571881846442, 930, 904, 26
24, 1571881905767, 1571881905788, 1571881906505, 738, 717, 21
25, 1571881966049, 1571881966090, 1571881966647, 598, 557, 41
26, 1571882025401, 1571882025427, 1571882025738, 337, 311, 26
27, 1571882089673, 1571882089701, 1571882090855, 1182, 1154, 28
28, 1571882145998, 1571882146021, 1571882147027, 1029, 1006, 23
29, 1571882326898, 1571882326932, 1571882327088, 190, 156, 34
30, 1571882386106, 1571882386135, 1571882387159, 1053, 1024, 29
31, 1571882627139, 1571882627163, 1571882627888, 749, 725, 24
32, 1571882687397, 1571882687424, 1571882688117, 720, 693, 27
33, 1571882747748, 1571882747786, 1571882748101, 353, 315, 38
34, 1571882867276, 1571882867296, 1571882868329, 1053, 1033, 20
35, 1571882927541, 1571882927564, 1571882928467, 926, 903, 23
36, 1571882987794, 1571882987813, 1571882988557, 763, 744, 19
37, 1571883167472, 1571883167496, 1571883167856, 384, 360, 24
38, 1571883227707, 1571883227735, 1571883228944, 1237, 1209, 28
39, 1571883287982, 1571883288006, 1571883289137, 1155, 1131, 24
40, 1571883348269, 1571883348295, 1571883349309, 1040, 1014, 26
41, 1571883468684, 1571883468715, 1571883469403, 719, 688, 31
42, 1571883528938, 1571883528964, 1571883529309, 371, 345, 26
43, 1571883598276, 1571883598296, 1571883599550, 1274, 1254, 20
44, 1571883648413, 1571883648439, 1571883649522, 1109, 1083, 26
