0, 1571876901713, 1571876901743, 1571876902587, 874, 844, 30
1, 1571876911781, 1571876911806, 1571876912616, 835, 810, 25
2, 1571877022100, 1571877022127, 1571877022719, 619, 592, 27
3, 1571877062268, 1571877062295, 1571877062677, 409, 382, 27
4, 1571877262838, 1571877262865, 1571877263749, 911, 884, 27
5, 1571877322972, 1571877323002, 1571877323783, 811, 781, 30
6, 1571877383167, 1571877383196, 1571877384007, 840, 811, 29
7, 1571877443416, 1571877443447, 1571877443921, 505, 474, 31
8, 1571877453489, 1571877453519, 1571877453909, 420, 390, 30
9, 1571877684481, 1571877684510, 1571877685450, 969, 940, 29
10, 1571877744726, 1571877744753, 1571877745444, 718, 691, 27
11, 1571877804959, 1571877804987, 1571877805912, 953, 925, 28
12, 1571877855205, 1571877855226, 1571877855682, 477, 456, 21
13, 1571877925522, 1571877925548, 1571877926606, 1084, 1058, 26
14, 1571877975667, 1571877975694, 1571877976841, 1174, 1147, 27
15, 1571878096264, 1571878096286, 1571878097252, 988, 966, 22
16, 1571878166625, 1571878166645, 1571878167318, 693, 673, 20
17, 1571878216898, 1571878216913, 1571878217322, 424, 409, 15
18, 1571878287191, 1571878287208, 1571878288496, 1305, 1288, 17
19, 1571878347473, 1571878347499, 1571878348785, 1312, 1286, 26
20, 1571878407797, 1571878407817, 1571878409308, 1511, 1491, 20
21, 1571878468036, 1571878468065, 1571878469169, 1133, 1104, 29
22, 1571878528454, 1571878528483, 1571878529143, 689, 660, 29
23, 1571878588704, 1571878588731, 1571878589059, 355, 328, 27
24, 1571878648973, 1571878648998, 1571878649162, 189, 164, 25
25, 1571878709277, 1571878709305, 1571878710498, 1221, 1193, 28
26, 1571878769481, 1571878769502, 1571878770617, 1136, 1115, 21
27, 1571878829737, 1571878829764, 1571878830601, 864, 837, 27
28, 1571878879957, 1571878879979, 1571878880628, 671, 649, 22
29, 1571878930166, 1571878930194, 1571878930671, 505, 477, 28
30, 1571879070775, 1571879070799, 1571879071983, 1208, 1184, 24
31, 1571879131089, 1571879131111, 1571879131931, 842, 820, 22
32, 1571879181336, 1571879181357, 1571879182046, 710, 689, 21
33, 1571879241588, 1571879241609, 1571879242340, 752, 731, 21
34, 1571879261707, 1571879261733, 1571879262185, 478, 452, 26
35, 1571879432330, 1571879432355, 1571879433460, 1130, 1105, 25
36, 1571879482545, 1571879482570, 1571879483441, 896, 871, 25
37, 1571879542841, 1571879542864, 1571879543632, 791, 768, 23
38, 1571879603041, 1571879603067, 1571879603661, 620, 594, 26
39, 1571879663329, 1571879663354, 1571879663971, 642, 617, 25
40, 1571879723665, 1571879723680, 1571879724901, 1236, 1221, 15
41, 1571879783837, 1571879783858, 1571879784923, 1086, 1065, 21
42, 1571879843041, 1571879843058, 1571879844092, 1051, 1034, 17
43, 1571879904316, 1571879904347, 1571879905190, 874, 843, 31
44, 1571879954451, 1571879954479, 1571879955110, 659, 631, 28
