0, 1571887458885, 1571887458926, 1571887459295, 410, 369, 41
1, 1571887493018, 1571887493050, 1571887493306, 288, 256, 32
2, 1571887633522, 1571887633546, 1571887634471, 949, 925, 24
3, 1571887668606, 1571887668636, 1571887669826, 1220, 1190, 30
4, 1571887738817, 1571887738846, 1571887739623, 806, 777, 29
5, 1571887878342, 1571887878371, 1571887878784, 442, 413, 29
6, 1571887913477, 1571887913501, 1571887913859, 382, 358, 24
7, 1571888436203, 1571888436230, 1571888436584, 381, 354, 27
8, 1571888437230, 1571888437257, 1571888437450, 220, 193, 27
9, 1571888675203, 1571888675230, 1571888675484, 281, 254, 27
10, 1571888710338, 1571888710366, 1571888710623, 285, 257, 28
11, 1571888786692, 1571888786718, 1571888787726, 1034, 1008, 26
12, 1571888863084, 1571888863122, 1571888863821, 737, 699, 38
13, 1571888899203, 1571888899232, 1571888899961, 758, 729, 29
14, 1571888969533, 1571888969559, 1571888970159, 626, 600, 26
15, 1571889013715, 1571889013743, 1571889014124, 409, 381, 28
16, 1571889083085, 1571889083108, 1571889084183, 1098, 1075, 23
17, 1571889154409, 1571889154438, 1571889155385, 976, 947, 29
18, 1571889224773, 1571889224802, 1571889225525, 752, 723, 29
19, 1571889258959, 1571889258982, 1571889259583, 624, 601, 23
20, 1571889340362, 1571889340387, 1571889340763, 401, 376, 25
21, 1571889386616, 1571889386641, 1571889387865, 1249, 1224, 25
22, 1571889462993, 1571889463013, 1571889463980, 987, 967, 20
23, 1571889498124, 1571889498147, 1571889499034, 910, 887, 23
24, 1571889532293, 1571889532328, 1571889533179, 886, 851, 35
25, 1571889618660, 1571889618682, 1571889619114, 454, 432, 22
26, 1571889688953, 1571889688981, 1571889689197, 244, 216, 28
27, 1571889765272, 1571889765302, 1571889766362, 1090, 1060, 30
28, 1571889821542, 1571889821563, 1571889822376, 834, 813, 21
29, 1571889885801, 1571889885829, 1571889886568, 767, 739, 28
30, 1571889927014, 1571889927039, 1571889927589, 575, 550, 25
31, 1571890007453, 1571890007480, 1571890007763, 310, 283, 27
32, 1571890041604, 1571890041633, 1571890043004, 1400, 1371, 29
33, 1571890117917, 1571890117937, 1571890118968, 1051, 1031, 20
34, 1571890187204, 1571890187232, 1571890188013, 809, 781, 28
35, 1571890241432, 1571890241459, 1571890242125, 693, 666, 27
36, 1571890308682, 1571890308700, 1571890309177, 495, 477, 18
37, 1571890359854, 1571890359883, 1571890360232, 378, 349, 29
38, 1571890429155, 1571890429184, 1571890430201, 1046, 1017, 29
39, 1571890486417, 1571890486435, 1571890487369, 952, 934, 18
40, 1571890501449, 1571890501478, 1571890502331, 882, 853, 29
41, 1571890784635, 1571890784665, 1571890785987, 1352, 1322, 30
42, 1571890845890, 1571890845920, 1571890846881, 991, 961, 30
43, 1571890901088, 1571890901116, 1571890902038, 950, 922, 28
44, 1571890956253, 1571890956272, 1571890957005, 752, 733, 19
