0, 1571887779085, 1571887779108, 1571887779698, 613, 590, 23
1, 1571887849288, 1571887849316, 1571887849838, 550, 522, 28
2, 1571887884375, 1571887884399, 1571887884990, 615, 591, 24
3, 1571887953646, 1571887953672, 1571887953905, 259, 233, 26
4, 1571887989753, 1571887989776, 1571887989946, 193, 170, 23
5, 1571888387947, 1571888387977, 1571888388383, 436, 406, 30
6, 1571888423116, 1571888423142, 1571888423445, 329, 303, 26
7, 1571888458278, 1571888458307, 1571888458550, 272, 243, 29
8, 1571888528611, 1571888528642, 1571888529672, 1061, 1030, 31
9, 1571888809814, 1571888809840, 1571888810922, 1108, 1082, 26
10, 1571888844976, 1571888844993, 1571888845790, 814, 797, 17
11, 1571888880161, 1571888880186, 1571888881009, 848, 823, 25
12, 1571888985614, 1571888985635, 1571888986107, 493, 472, 21
13, 1571889020748, 1571889020776, 1571889021044, 296, 268, 28
14, 1571889090181, 1571889090208, 1571889091584, 1403, 1376, 27
15, 1571889160511, 1571889160535, 1571889161484, 973, 949, 24
16, 1571889230805, 1571889230834, 1571889231868, 1063, 1034, 29
17, 1571889267009, 1571889267035, 1571889267697, 688, 662, 26
18, 1571889337306, 1571889337332, 1571889337737, 431, 405, 26
19, 1571889407702, 1571889407739, 1571889408901, 1199, 1162, 37
20, 1571889442858, 1571889442886, 1571889443832, 974, 946, 28
21, 1571889513175, 1571889513203, 1571889514285, 1110, 1082, 28
22, 1571889548398, 1571889548427, 1571889549284, 886, 857, 29
23, 1571889653763, 1571889653793, 1571889654361, 598, 568, 30
24, 1571889687924, 1571889687953, 1571889688419, 495, 466, 29
25, 1571889759235, 1571889759267, 1571889760311, 1076, 1044, 32
26, 1571889816509, 1571889816539, 1571889817365, 856, 826, 30
27, 1571889887857, 1571889887886, 1571889888673, 816, 787, 29
28, 1571889958121, 1571889958146, 1571889958657, 536, 511, 25
29, 1571889993391, 1571889993418, 1571889993720, 329, 302, 27
30, 1571890063723, 1571890063748, 1571890065032, 1309, 1284, 25
31, 1571890133022, 1571890133039, 1571890133930, 908, 891, 17
32, 1571890168132, 1571890168158, 1571890169017, 885, 859, 26
33, 1571890238403, 1571890238431, 1571890238994, 591, 563, 28
34, 1571890308658, 1571890308680, 1571890309076, 418, 396, 22
35, 1571890378952, 1571890378972, 1571890379141, 189, 169, 20
36, 1571890485391, 1571890485416, 1571890486310, 919, 894, 25
37, 1571890555710, 1571890555739, 1571890556642, 932, 903, 29
38, 1571890590905, 1571890590924, 1571890591526, 621, 602, 19
39, 1571890660151, 1571890660176, 1571890660695, 544, 519, 25
40, 1571890730377, 1571890730405, 1571890730716, 339, 311, 28
41, 1571890800678, 1571890800705, 1571890801790, 1112, 1085, 27
42, 1571890835820, 1571890835849, 1571890836887, 1067, 1038, 29
43, 1571890906117, 1571890906139, 1571890907039, 922, 900, 22
44, 1571890976345, 1571890976368, 1571890977003, 658, 635, 23
