0, 1571887768954, 1571887769077, 1571887769772, 818, 695, 123
1, 1571887779110, 1571887779130, 1571887779788, 678, 658, 20
2, 1571887889401, 1571887889420, 1571887890029, 628, 609, 19
3, 1571887929539, 1571887929565, 1571887929853, 314, 288, 26
4, 1571888130119, 1571888130142, 1571888131074, 955, 932, 23
5, 1571888190254, 1571888190279, 1571888191127, 873, 848, 25
6, 1571888250461, 1571888250491, 1571888251232, 771, 741, 30
7, 1571888310704, 1571888310733, 1571888311281, 577, 548, 29
8, 1571888320765, 1571888320787, 1571888321463, 698, 676, 22
9, 1571888551701, 1571888551731, 1571888552303, 602, 572, 30
10, 1571888611928, 1571888611957, 1571888612375, 447, 418, 29
11, 1571888672172, 1571888672201, 1571888672484, 312, 283, 29
12, 1571888722430, 1571888722447, 1571888723718, 1288, 1271, 17
13, 1571888792746, 1571888792773, 1571888793627, 881, 854, 27
14, 1571888842923, 1571888842950, 1571888843873, 950, 923, 27
15, 1571888963508, 1571888963528, 1571888964252, 744, 724, 20
16, 1571889033867, 1571889033898, 1571889035339, 1472, 1441, 31
17, 1571889084156, 1571889084177, 1571889085525, 1369, 1348, 21
18, 1571889154440, 1571889154464, 1571889155471, 1031, 1007, 24
19, 1571889214710, 1571889214745, 1571889215457, 747, 712, 35
20, 1571889275041, 1571889275061, 1571889275680, 639, 619, 20
21, 1571889335276, 1571889335304, 1571889335797, 521, 493, 28
22, 1571889395648, 1571889395677, 1571889396840, 1192, 1163, 29
23, 1571889455924, 1571889455951, 1571889456872, 948, 921, 27
24, 1571889516205, 1571889516233, 1571889517151, 946, 918, 28
25, 1571889576522, 1571889576551, 1571889577076, 554, 525, 29
26, 1571889636723, 1571889636747, 1571889637136, 413, 389, 24
27, 1571889696988, 1571889697016, 1571889697225, 237, 209, 28
28, 1571889747198, 1571889747225, 1571889748362, 1164, 1137, 27
29, 1571889797421, 1571889797449, 1571889798405, 984, 956, 28
30, 1571889938048, 1571889938076, 1571889938607, 559, 531, 28
31, 1571889998420, 1571889998448, 1571889998667, 247, 219, 28
32, 1571890048661, 1571890048687, 1571890049813, 1152, 1126, 26
33, 1571890108892, 1571890108911, 1571890110009, 1117, 1098, 19
34, 1571890129000, 1571890129020, 1571890129898, 898, 878, 20
35, 1571890299594, 1571890299623, 1571890300070, 476, 447, 29
36, 1571890349821, 1571890349845, 1571890350127, 306, 282, 24
37, 1571890410118, 1571890410139, 1571890411303, 1185, 1164, 21
38, 1571890470334, 1571890470354, 1571890471257, 923, 903, 20
39, 1571890530610, 1571890530633, 1571890531386, 776, 753, 23
40, 1571890590943, 1571890590958, 1571890591706, 763, 748, 15
41, 1571890651122, 1571890651147, 1571890651600, 478, 453, 25
42, 1571890710308, 1571890710334, 1571890710771, 463, 437, 26
43, 1571890771601, 1571890771625, 1571890772770, 1169, 1145, 24
44, 1571890821751, 1571890821779, 1571890823020, 1269, 1241, 28
