0, 1571883899290, 1571883899321, 1571883900416, 1126, 1095, 31
1, 1571883959467, 1571883959496, 1571883960424, 957, 928, 29
2, 1571884019704, 1571884019732, 1571884020541, 837, 809, 28
3, 1571884092977, 1571884093004, 1571884093623, 646, 619, 27
4, 1571884232470, 1571884232498, 1571884232756, 286, 258, 28
5, 1571884585572, 1571884585600, 1571884586168, 596, 568, 28
6, 1571884645789, 1571884645818, 1571884646183, 394, 365, 29
7, 1571884706038, 1571884706066, 1571884706312, 274, 246, 28
8, 1571884766219, 1571884766248, 1571884767386, 1167, 1138, 29
9, 1571884826494, 1571884826523, 1571884827429, 935, 906, 29
10, 1571884886756, 1571884886785, 1571884887537, 781, 752, 29
11, 1571884947076, 1571884947102, 1571884947614, 538, 512, 26
12, 1571885007314, 1571885007337, 1571885007751, 437, 414, 23
13, 1571885067580, 1571885067600, 1571885067785, 205, 185, 20
14, 1571885142908, 1571885142926, 1571885143899, 991, 973, 18
15, 1571885265471, 1571885265499, 1571885266096, 625, 597, 28
16, 1571885328685, 1571885328712, 1571885329280, 595, 568, 27
17, 1571885389018, 1571885389046, 1571885389307, 289, 261, 28
18, 1571885449287, 1571885449316, 1571885450473, 1186, 1157, 29
19, 1571885509629, 1571885509658, 1571885510472, 843, 814, 29
20, 1571885569961, 1571885569983, 1571885570673, 712, 690, 22
21, 1571885630205, 1571885630233, 1571885630844, 639, 611, 28
22, 1571885690498, 1571885690525, 1571885690808, 310, 283, 27
23, 1571885750811, 1571885750838, 1571885752022, 1211, 1184, 27
24, 1571885811153, 1571885811178, 1571885812126, 973, 948, 25
25, 1571885871437, 1571885871456, 1571885872189, 752, 733, 19
26, 1571885931758, 1571885931782, 1571885932406, 648, 624, 24
27, 1571885992001, 1571885992029, 1571885992433, 432, 404, 28
28, 1571886052213, 1571886052239, 1571886052605, 392, 366, 26
29, 1571886112468, 1571886112492, 1571886112664, 196, 172, 24
30, 1571886184803, 1571886184833, 1571886185826, 1023, 993, 30
31, 1571886245059, 1571886245085, 1571886245880, 821, 795, 26
32, 1571886314389, 1571886314414, 1571886314928, 539, 514, 25
33, 1571886375731, 1571886375753, 1571886376053, 322, 300, 22
34, 1571886436013, 1571886436034, 1571886437160, 1147, 1126, 21
35, 1571886496223, 1571886496251, 1571886497354, 1131, 1103, 28
36, 1571886556499, 1571886556527, 1571886557455, 956, 928, 28
37, 1571886616740, 1571886616768, 1571886617438, 698, 670, 28
38, 1571886676976, 1571886677003, 1571886677661, 685, 658, 27
39, 1571886737203, 1571886737237, 1571886737761, 558, 524, 34
40, 1571886797445, 1571886797475, 1571886798336, 891, 861, 30
41, 1571886857698, 1571886857723, 1571886858531, 833, 808, 25
42, 1571886917951, 1571886917980, 1571886918647, 696, 667, 29
43, 1571886978257, 1571886978286, 1571886978714, 457, 428, 29
44, 1571887032467, 1571887032483, 1571887032760, 293, 277, 16
