0, 1571869321403, 1571869321439, 1571869322199, 796, 760, 36
1, 1571869381602, 1571869381628, 1571869382377, 775, 749, 26
2, 1571869460786, 1571869460818, 1571869461532, 746, 714, 32
3, 1571869542056, 1571869542078, 1571869542489, 433, 411, 22
4, 1571869561184, 1571869561207, 1571869561891, 707, 684, 23
5, 1571869621313, 1571869621342, 1571869621650, 337, 308, 29
6, 1571869681528, 1571869681559, 1571869682665, 1137, 1106, 31
7, 1571869801939, 1571869801969, 1571869802833, 894, 864, 30
8, 1571869862143, 1571869862172, 1571869862896, 753, 724, 29
9, 1571869950366, 1571869950395, 1571869950975, 609, 580, 29
10, 1571869981445, 1571869981475, 1571869982117, 672, 642, 30
11, 1571870041583, 1571870041611, 1571870042122, 539, 511, 28
12, 1571870101767, 1571870101796, 1571870102246, 479, 450, 29
13, 1571870162019, 1571870162051, 1571870162373, 354, 322, 32
14, 1571870222217, 1571870222246, 1571870223356, 1139, 1110, 29
15, 1571870282504, 1571870282526, 1571870283440, 936, 914, 22
16, 1571870341927, 1571870341954, 1571870342489, 562, 535, 27
17, 1571870402233, 1571870402262, 1571870402713, 480, 451, 29
18, 1571870462449, 1571870462482, 1571870462822, 373, 340, 33
19, 1571870643257, 1571870643284, 1571870644091, 834, 807, 27
20, 1571870703546, 1571870703572, 1571870704091, 545, 519, 26
21, 1571870823103, 1571870823130, 1571870824461, 1358, 1331, 27
22, 1571870883439, 1571870883469, 1571870884465, 1026, 996, 30
23, 1571870943786, 1571870943812, 1571870944571, 785, 759, 26
24, 1571871004037, 1571871004063, 1571871004952, 915, 889, 26
25, 1571871064341, 1571871064371, 1571871064920, 579, 549, 30
26, 1571871123676, 1571871123696, 1571871123910, 234, 214, 20
27, 1571871187941, 1571871187969, 1571871188679, 738, 710, 28
28, 1571871244298, 1571871244322, 1571871244792, 494, 470, 24
29, 1571871425248, 1571871425277, 1571871426321, 1073, 1044, 29
30, 1571871484459, 1571871484488, 1571871485262, 803, 774, 29
31, 1571871725543, 1571871725576, 1571871725713, 170, 137, 33
32, 1571871785840, 1571871785871, 1571871786596, 756, 725, 31
33, 1571871846192, 1571871846218, 1571871846690, 498, 472, 26
34, 1571871965751, 1571871965777, 1571871966174, 423, 397, 26
35, 1571872026055, 1571872026082, 1571872027084, 1029, 1002, 27
36, 1571872086327, 1571872086349, 1571872087237, 910, 888, 22
37, 1571872268516, 1571872268541, 1571872269704, 1188, 1163, 25
38, 1571872328780, 1571872328807, 1571872329705, 925, 898, 27
39, 1571872389078, 1571872389103, 1571872390210, 1132, 1107, 25
40, 1571872449389, 1571872449413, 1571872450286, 897, 873, 24
41, 1571872569855, 1571872569882, 1571872570332, 477, 450, 27
42, 1571872630133, 1571872630159, 1571872630389, 256, 230, 26
43, 1571872699485, 1571872699509, 1571872700679, 1194, 1170, 24
44, 1571872749645, 1571872749671, 1571872750622, 977, 951, 26
