0, 1571869303370, 1571869303411, 1571869304365, 995, 954, 41
1, 1571869337469, 1571869337500, 1571869338456, 987, 956, 31
2, 1571869477888, 1571869477912, 1571869478998, 1110, 1086, 24
3, 1571869512970, 1571869512986, 1571869514023, 1053, 1037, 16
4, 1571869583179, 1571869583204, 1571869584214, 1035, 1010, 25
5, 1571869722597, 1571869722627, 1571869723278, 681, 651, 30
6, 1571869757758, 1571869757782, 1571869758241, 483, 459, 24
7, 1571870280485, 1571870280511, 1571870281782, 1297, 1271, 26
8, 1571870281513, 1571870281539, 1571870281827, 314, 288, 26
9, 1571870519523, 1571870519550, 1571870520089, 566, 539, 27
10, 1571870554662, 1571870554689, 1571870555063, 401, 374, 27
11, 1571870631020, 1571870631042, 1571870632237, 1217, 1195, 22
12, 1571870707404, 1571870707425, 1571870708277, 873, 852, 21
13, 1571870743493, 1571870743521, 1571870744550, 1057, 1029, 28
14, 1571870813834, 1571870813866, 1571870814673, 839, 807, 32
15, 1571870858008, 1571870858035, 1571870858815, 807, 780, 27
16, 1571870927375, 1571870927399, 1571870927651, 276, 252, 24
17, 1571870998694, 1571870998723, 1571870999739, 1045, 1016, 29
18, 1571871069067, 1571871069095, 1571871069873, 806, 778, 28
19, 1571871103244, 1571871103275, 1571871103848, 604, 573, 31
20, 1571871184679, 1571871184702, 1571871185311, 632, 609, 23
21, 1571871230910, 1571871230933, 1571871231252, 342, 319, 23
22, 1571871307314, 1571871307339, 1571871308509, 1195, 1170, 25
23, 1571871342451, 1571871342478, 1571871343494, 1043, 1016, 27
24, 1571871376625, 1571871376658, 1571871377536, 911, 878, 33
25, 1571871462962, 1571871462988, 1571871463635, 673, 647, 26
26, 1571871533262, 1571871533289, 1571871533672, 410, 383, 27
27, 1571871609597, 1571871609626, 1571871610751, 1154, 1125, 29
28, 1571871665871, 1571871665898, 1571871666988, 1117, 1090, 27
29, 1571871730139, 1571871730168, 1571871730925, 786, 757, 29
30, 1571871771357, 1571871771383, 1571871772044, 687, 661, 26
31, 1571871851767, 1571871851796, 1571871852159, 392, 363, 29
32, 1571871885930, 1571871885960, 1571871886119, 189, 159, 30
33, 1571871962278, 1571871962307, 1571871963225, 947, 918, 29
34, 1571872031596, 1571872031623, 1571872032473, 877, 850, 27
35, 1571872085833, 1571872085863, 1571872086383, 550, 520, 30
36, 1571872153091, 1571872153113, 1571872153548, 457, 435, 22
37, 1571872204260, 1571872204287, 1571872204568, 308, 281, 27
38, 1571872273557, 1571872273584, 1571872274619, 1062, 1035, 27
39, 1571872330812, 1571872330838, 1571872331791, 979, 953, 26
40, 1571872345849, 1571872345869, 1571872347120, 1271, 1251, 20
41, 1571872629020, 1571872629047, 1571872629483, 463, 436, 27
42, 1571872690301, 1571872690322, 1571872691485, 1184, 1163, 21
43, 1571872745495, 1571872745521, 1571872746528, 1033, 1007, 26
44, 1571872800669, 1571872800695, 1571872801676, 1007, 981, 26
