0, 1571859224937, 1571859224971, 1571859226151, 1214, 1180, 34
1, 1571859255079, 1571859255106, 1571859256113, 1034, 1007, 27
2, 1571859285161, 1571859285181, 1571859286155, 994, 974, 20
3, 1571859405582, 1571859405612, 1571859406299, 717, 687, 30
4, 1571859465869, 1571859465897, 1571859466490, 621, 593, 28
5, 1571859496055, 1571859496081, 1571859496503, 448, 422, 26
6, 1571859556335, 1571859556362, 1571859556732, 397, 370, 27
7, 1571859643658, 1571859643681, 1571859644841, 1183, 1160, 23
8, 1571859707924, 1571859707946, 1571859708792, 868, 846, 22
9, 1571859768110, 1571859768129, 1571859768865, 755, 736, 19
10, 1571859858513, 1571859858528, 1571859859120, 607, 592, 15
11, 1571859948769, 1571859948784, 1571859949280, 511, 496, 15
12, 1571859978903, 1571859978926, 1571859979299, 396, 373, 23
13, 1571860069217, 1571860069232, 1571860070322, 1105, 1090, 15
14, 1571860129436, 1571860129462, 1571860130417, 981, 955, 26
15, 1571860159611, 1571860159625, 1571860160562, 951, 937, 14
16, 1571860249954, 1571860249979, 1571860250627, 673, 648, 25
17, 1571860310190, 1571860310216, 1571860310703, 513, 487, 26
18, 1571860370483, 1571860370503, 1571860371186, 703, 683, 20
19, 1571860430741, 1571860430761, 1571860431354, 613, 593, 20
20, 1571860490952, 1571860490969, 1571860491297, 345, 328, 17
21, 1571860552221, 1571860552244, 1571860552609, 388, 365, 23
22, 1571860580297, 1571860580313, 1571860581486, 1189, 1173, 16
23, 1571860672562, 1571860672576, 1571860673624, 1062, 1048, 14
24, 1571860732771, 1571860732789, 1571860733709, 938, 920, 18
25, 1571860762879, 1571860762893, 1571860763725, 846, 832, 14
26, 1571860853225, 1571860853240, 1571860853867, 642, 627, 15
27, 1571860913361, 1571860913377, 1571860914027, 666, 650, 16
28, 1571860968599, 1571860968623, 1571860969121, 522, 498, 24
29, 1571861033863, 1571861033878, 1571861034206, 343, 328, 15
30, 1571861064021, 1571861064036, 1571861065181, 1160, 1145, 15
31, 1571861121258, 1571861121283, 1571861122291, 1033, 1008, 25
32, 1571861214523, 1571861214546, 1571861215466, 943, 920, 23
33, 1571861274725, 1571861274741, 1571861275421, 696, 680, 16
34, 1571861334927, 1571861334944, 1571861335551, 624, 607, 17
35, 1571861365027, 1571861365044, 1571861365509, 482, 465, 17
36, 1571861451273, 1571861451289, 1571861451762, 489, 473, 16
37, 1571861507475, 1571861507491, 1571861507918, 443, 427, 16
38, 1571861532569, 1571861532587, 1571861533107, 538, 520, 18
39, 1571861636921, 1571861636936, 1571861638114, 1193, 1178, 15
40, 1571861686005, 1571861686021, 1571861686986, 981, 965, 16
41, 1571861727162, 1571861727176, 1571861728197, 1035, 1021, 14
42, 1571861817406, 1571861817435, 1571861818289, 883, 854, 29
43, 1571861877590, 1571861877606, 1571861878232, 642, 626, 16
44, 1571861937767, 1571861937782, 1571861938284, 517, 502, 15
