0, 1571880133190, 1571880133229, 1571880133848, 658, 619, 39
1, 1571880203398, 1571880203436, 1571880203945, 547, 509, 38
2, 1571880238554, 1571880238582, 1571880238931, 377, 349, 28
3, 1571880308716, 1571880308745, 1571880308996, 280, 251, 29
4, 1571880378919, 1571880378947, 1571880380126, 1207, 1179, 28
5, 1571880414068, 1571880414089, 1571880415154, 1086, 1065, 21
6, 1571880483273, 1571880483294, 1571880484235, 962, 941, 21
7, 1571880554460, 1571880554488, 1571880555300, 840, 812, 28
8, 1571880624689, 1571880624717, 1571880625408, 719, 691, 28
9, 1571880659832, 1571880659851, 1571880660454, 622, 603, 19
10, 1571880693898, 1571880693927, 1571880694520, 622, 593, 29
11, 1571881221733, 1571881221760, 1571881222867, 1134, 1107, 27
12, 1571881256870, 1571881256894, 1571881257831, 961, 937, 24
13, 1571881327123, 1571881327152, 1571881327969, 846, 817, 29
14, 1571881397462, 1571881397488, 1571881398459, 997, 971, 26
15, 1571881467729, 1571881467758, 1571881468452, 723, 694, 29
16, 1571881502923, 1571881502942, 1571881503502, 579, 560, 19
17, 1571881573198, 1571881573227, 1571881573557, 359, 330, 29
18, 1571881643492, 1571881643523, 1571881644767, 1275, 1244, 31
19, 1571881678659, 1571881678682, 1571881679815, 1156, 1133, 23
20, 1571881749008, 1571881749027, 1571881749878, 870, 851, 19
21, 1571881819345, 1571881819370, 1571881820004, 659, 634, 25
22, 1571881889715, 1571881889761, 1571881890072, 357, 311, 46
23, 1571881924880, 1571881924907, 1571881925183, 303, 276, 27
24, 1571881995280, 1571881995298, 1571881996353, 1073, 1055, 18
25, 1571882065572, 1571882065598, 1571882066405, 833, 807, 26
26, 1571882100745, 1571882100773, 1571882101467, 722, 694, 28
27, 1571882171086, 1571882171116, 1571882171587, 501, 471, 30
28, 1571882241461, 1571882241481, 1571882241788, 327, 307, 20
29, 1571882417176, 1571882417201, 1571882417891, 715, 690, 25
30, 1571882487527, 1571882487549, 1571882488005, 478, 456, 22
31, 1571882522655, 1571882522684, 1571882523194, 539, 510, 29
32, 1571882592960, 1571882592989, 1571882593154, 194, 165, 29
33, 1571882663261, 1571882663292, 1571882664314, 1053, 1022, 31
34, 1571882698435, 1571882698460, 1571882699301, 866, 841, 25
35, 1571882733611, 1571882733641, 1571882734362, 751, 721, 30
36, 1571883271914, 1571883271938, 1571883272134, 220, 196, 24
37, 1571883307089, 1571883307114, 1571883308190, 1101, 1076, 25
38, 1571883377359, 1571883377378, 1571883378293, 934, 915, 19
39, 1571883447591, 1571883447614, 1571883448318, 727, 704, 23
40, 1571883482693, 1571883482722, 1571883483417, 724, 695, 29
41, 1571883553029, 1571883553060, 1571883556542, 3513, 3482, 31
42, 1571883623339, 1571883623356, 1571883623601, 262, 245, 17
43, 1571883693577, 1571883693608, 1571883694684, 1107, 1076, 31
