0, 1571870196213, 1571870196243, 1571870196727, 514, 484, 30
1, 1571870227385, 1571870227414, 1571870227815, 430, 401, 29
2, 1571870316681, 1571870316707, 1571870317876, 1195, 1169, 26
3, 1571870376983, 1571870377001, 1571870378006, 1023, 1005, 18
4, 1571870407190, 1571870407217, 1571870408019, 829, 802, 27
5, 1571870528689, 1571870528716, 1571870529281, 592, 565, 27
6, 1571870619088, 1571870619109, 1571870619405, 317, 296, 21
7, 1571870679347, 1571870679376, 1571870680390, 1043, 1014, 29
8, 1571870739626, 1571870739653, 1571870740540, 914, 887, 27
9, 1571870799988, 1571870800014, 1571870800562, 574, 548, 26
10, 1571870860217, 1571870860247, 1571870860714, 497, 467, 30
11, 1571870921612, 1571870921634, 1571870922759, 1147, 1125, 22
12, 1571870971867, 1571870971900, 1571870972862, 995, 962, 33
13, 1571871032191, 1571871032216, 1571871033102, 911, 886, 25
14, 1571871092548, 1571871092577, 1571871093203, 655, 626, 29
15, 1571871152854, 1571871152881, 1571871153149, 295, 268, 27
16, 1571871213153, 1571871213179, 1571871214347, 1194, 1168, 26
17, 1571871273470, 1571871273499, 1571871274399, 929, 900, 29
18, 1571871333789, 1571871333815, 1571871334554, 765, 739, 26
19, 1571871395113, 1571871395138, 1571871395694, 581, 556, 25
20, 1571871455448, 1571871455477, 1571871456748, 1300, 1271, 29
21, 1571871514666, 1571871514695, 1571871515816, 1150, 1121, 29
22, 1571871575905, 1571871575931, 1571871576804, 899, 873, 26
23, 1571871636194, 1571871636221, 1571871636950, 756, 729, 27
24, 1571871697529, 1571871697551, 1571871698221, 692, 670, 22
25, 1571871756764, 1571871756791, 1571871757270, 506, 479, 27
26, 1571871786930, 1571871786957, 1571871787163, 233, 206, 27
27, 1571871878372, 1571871878398, 1571871879460, 1088, 1062, 26
28, 1571871938702, 1571871938725, 1571871939501, 799, 776, 23
29, 1571871997969, 1571871997995, 1571871998546, 577, 551, 26
30, 1571872058267, 1571872058296, 1571872058639, 372, 343, 29
31, 1571872119516, 1571872119542, 1571872120781, 1265, 1239, 26
32, 1571872179759, 1571872179790, 1571872180784, 1025, 994, 31
33, 1571872238986, 1571872239015, 1571872239817, 831, 802, 29
34, 1571872299261, 1571872299290, 1571872299948, 687, 658, 29
35, 1571872359515, 1571872359542, 1571872360073, 558, 531, 27
36, 1571872419805, 1571872419834, 1571872420079, 274, 245, 29
37, 1571872480111, 1571872480136, 1571872481213, 1102, 1077, 25
38, 1571872540361, 1571872540390, 1571872541248, 887, 858, 29
39, 1571872600609, 1571872600639, 1571872601318, 709, 679, 30
40, 1571872670947, 1571872670974, 1571872671416, 469, 442, 27
41, 1571872701087, 1571872701112, 1571872701542, 455, 430, 25
42, 1571872791448, 1571872791474, 1571872792625, 1177, 1151, 26
43, 1571872851665, 1571872851694, 1571872852742, 1077, 1048, 29
44, 1571872871739, 1571872871768, 1571872872715, 976, 947, 29
