0, 1571888223321, 1571888223348, 1571888224166, 845, 818, 27
1, 1571888253472, 1571888253499, 1571888254206, 734, 707, 27
2, 1571888283559, 1571888283587, 1571888284311, 752, 724, 28
3, 1571888403970, 1571888403997, 1571888404571, 601, 574, 27
4, 1571888464264, 1571888464293, 1571888464533, 269, 240, 29
5, 1571888494452, 1571888494478, 1571888495581, 1129, 1103, 26
6, 1571888554733, 1571888554762, 1571888555318, 585, 556, 29
7, 1571888642071, 1571888642093, 1571888642527, 456, 434, 22
8, 1571888706338, 1571888706364, 1571888707535, 1197, 1171, 26
9, 1571888766576, 1571888766602, 1571888767968, 1392, 1366, 26
10, 1571888857025, 1571888857048, 1571888857998, 973, 950, 23
11, 1571888947373, 1571888947396, 1571888948019, 646, 623, 23
12, 1571888977574, 1571888977596, 1571888978159, 585, 563, 22
13, 1571889068017, 1571889068042, 1571889069133, 1116, 1091, 25
14, 1571889128320, 1571889128346, 1571889129234, 914, 888, 26
15, 1571889158504, 1571889158524, 1571889159572, 1068, 1048, 20
16, 1571889248904, 1571889248929, 1571889249532, 628, 603, 25
17, 1571889309195, 1571889309222, 1571889309716, 521, 494, 27
18, 1571889369507, 1571889369530, 1571889369830, 323, 300, 23
19, 1571889429819, 1571889429842, 1571889430838, 1019, 996, 23
20, 1571889490051, 1571889490080, 1571889490916, 865, 836, 29
21, 1571889551437, 1571889551464, 1571889552118, 681, 654, 27
22, 1571889579537, 1571889579569, 1571889580078, 541, 509, 32
23, 1571889671890, 1571889671909, 1571889672545, 655, 636, 19
24, 1571889732168, 1571889732187, 1571889733378, 1210, 1191, 19
25, 1571889762293, 1571889762312, 1571889763520, 1227, 1208, 19
26, 1571889852700, 1571889852721, 1571889853631, 931, 910, 21
27, 1571889912911, 1571889912941, 1571889913535, 624, 594, 30
28, 1571889968209, 1571889968236, 1571889968859, 650, 623, 27
29, 1571890033522, 1571890033549, 1571890034730, 1208, 1181, 27
30, 1571890063707, 1571890063734, 1571890064951, 1244, 1217, 27
31, 1571890120965, 1571890120986, 1571890122040, 1075, 1054, 21
32, 1571890214271, 1571890214299, 1571890215067, 796, 768, 28
33, 1571890274510, 1571890274539, 1571890275041, 531, 502, 29
34, 1571890334783, 1571890334804, 1571890335188, 405, 384, 21
35, 1571890364920, 1571890364943, 1571890365159, 239, 216, 23
36, 1571890451208, 1571890451230, 1571890452537, 1329, 1307, 22
37, 1571890507469, 1571890507497, 1571890508731, 1262, 1234, 28
38, 1571890532616, 1571890532645, 1571890533569, 953, 924, 29
39, 1571890637065, 1571890637092, 1571890637594, 529, 502, 27
40, 1571890686195, 1571890686223, 1571890686653, 458, 430, 28
41, 1571890727423, 1571890727442, 1571890727726, 303, 284, 19
42, 1571890817763, 1571890817793, 1571890818856, 1093, 1063, 30
43, 1571890877976, 1571890878004, 1571890879107, 1131, 1103, 28
44, 1571890938191, 1571890938219, 1571890939198, 1007, 979, 28
