0, 1571883805138, 1571883805173, 1571883806554, 1416, 1381, 35
1, 1571883839256, 1571883839275, 1571883840377, 1121, 1102, 19
2, 1571883979712, 1571883979740, 1571883980536, 824, 796, 28
3, 1571884014804, 1571884014833, 1571884015599, 795, 766, 29
4, 1571884085044, 1571884085073, 1571884085616, 572, 543, 29
5, 1571884224528, 1571884224559, 1571884225853, 1325, 1294, 31
6, 1571884259695, 1571884259721, 1571884260918, 1223, 1197, 26
7, 1571884782549, 1571884782575, 1571884783394, 845, 819, 26
8, 1571884783576, 1571884783606, 1571884784321, 745, 715, 30
9, 1571885021639, 1571885021666, 1571885022695, 1056, 1029, 27
10, 1571885056777, 1571885056804, 1571885057868, 1091, 1064, 27
11, 1571885133157, 1571885133184, 1571885133824, 667, 640, 27
12, 1571885209585, 1571885209611, 1571885209945, 360, 334, 26
13, 1571885245704, 1571885245733, 1571885246204, 500, 471, 29
14, 1571885316077, 1571885316103, 1571885317871, 1794, 1768, 26
15, 1571885360264, 1571885360290, 1571885360786, 522, 496, 26
16, 1571885429657, 1571885429681, 1571885430108, 451, 427, 24
17, 1571885501006, 1571885501036, 1571885502105, 1099, 1069, 30
18, 1571885571426, 1571885571455, 1571885572266, 840, 811, 29
19, 1571885605623, 1571885605648, 1571885606297, 674, 649, 25
20, 1571885687085, 1571885687111, 1571885687344, 259, 233, 26
21, 1571885733351, 1571885733383, 1571885734549, 1198, 1166, 32
22, 1571885809779, 1571885809805, 1571885810549, 770, 744, 26
23, 1571885844923, 1571885844950, 1571885845607, 684, 657, 27
24, 1571885879112, 1571885879145, 1571885879671, 559, 526, 33
25, 1571885965518, 1571885965546, 1571885966012, 494, 466, 28
26, 1571886035840, 1571886035869, 1571886037049, 1209, 1180, 29
27, 1571886112192, 1571886112220, 1571886113371, 1179, 1151, 28
28, 1571886168481, 1571886168508, 1571886169556, 1075, 1048, 27
29, 1571886232760, 1571886232788, 1571886233549, 789, 761, 28
30, 1571886273989, 1571886274016, 1571886274555, 566, 539, 27
31, 1571886354447, 1571886354477, 1571886355676, 1229, 1199, 30
32, 1571886388617, 1571886388645, 1571886389747, 1130, 1102, 28
33, 1571886464972, 1571886465001, 1571886465864, 892, 863, 29
34, 1571886534314, 1571886534340, 1571886534966, 652, 626, 26
35, 1571886588554, 1571886588581, 1571886589171, 617, 590, 27
36, 1571886655819, 1571886655841, 1571886656213, 394, 372, 22
37, 1571886707001, 1571886707029, 1571886707230, 229, 201, 28
38, 1571886776300, 1571886776328, 1571886777196, 896, 868, 28
39, 1571886833565, 1571886833589, 1571886834272, 707, 683, 24
40, 1571886848604, 1571886848631, 1571886849299, 695, 668, 27
41, 1571887131832, 1571887131860, 1571887132811, 979, 951, 28
42, 1571887193109, 1571887193136, 1571887194043, 934, 907, 27
43, 1571887248308, 1571887248332, 1571887249028, 720, 696, 24
44, 1571887303497, 1571887303523, 1571887304094, 597, 571, 26
