0, 1571884115182, 1571884115208, 1571884115780, 598, 572, 26
1, 1571884125253, 1571884125289, 1571884125726, 473, 437, 36
2, 1571884235587, 1571884235617, 1571884236814, 1227, 1197, 30
3, 1571884275762, 1571884275787, 1571884277011, 1249, 1224, 25
4, 1571884476383, 1571884476411, 1571884477027, 644, 616, 28
5, 1571884536527, 1571884536557, 1571884537143, 616, 586, 30
6, 1571884596727, 1571884596757, 1571884597324, 597, 567, 30
7, 1571884657009, 1571884657038, 1571884658167, 1158, 1129, 29
8, 1571884667075, 1571884667104, 1571884668304, 1229, 1200, 29
9, 1571884898105, 1571884898132, 1571884898541, 436, 409, 27
10, 1571884958355, 1571884958382, 1571884958565, 210, 183, 27
11, 1571885018607, 1571885018636, 1571885019660, 1053, 1024, 29
12, 1571885068874, 1571885068901, 1571885069789, 915, 888, 27
13, 1571885139215, 1571885139244, 1571885139828, 613, 584, 29
14, 1571885189408, 1571885189435, 1571885189920, 512, 485, 27
15, 1571885310045, 1571885310071, 1571885311324, 1279, 1253, 26
16, 1571885380420, 1571885380446, 1571885381159, 739, 713, 26
17, 1571885430713, 1571885430736, 1571885431974, 1261, 1238, 23
18, 1571885501039, 1571885501064, 1571885502186, 1147, 1122, 25
19, 1571885561360, 1571885561391, 1571885562248, 888, 857, 31
20, 1571885621717, 1571885621746, 1571885622500, 783, 754, 29
21, 1571885681994, 1571885682024, 1571885682527, 533, 503, 30
22, 1571885742389, 1571885742419, 1571885743500, 1111, 1081, 30
23, 1571885802695, 1571885802721, 1571885803658, 963, 937, 26
24, 1571885863018, 1571885863045, 1571885863648, 630, 603, 27
25, 1571885923362, 1571885923391, 1571885923906, 544, 515, 29
26, 1571885983592, 1571885983620, 1571885984126, 534, 506, 28
27, 1571886043876, 1571886043905, 1571886045215, 1339, 1310, 29
28, 1571886094120, 1571886094146, 1571886095204, 1084, 1058, 26
29, 1571886144352, 1571886144379, 1571886145505, 1153, 1126, 27
30, 1571886285025, 1571886285054, 1571886285572, 547, 518, 29
31, 1571886345406, 1571886345439, 1571886345825, 419, 386, 33
32, 1571886395676, 1571886395698, 1571886397016, 1340, 1318, 22
33, 1571886455937, 1571886455964, 1571886456842, 905, 878, 27
34, 1571886476068, 1571886476093, 1571886477019, 951, 926, 25
35, 1571886646723, 1571886646752, 1571886647133, 410, 381, 29
36, 1571886696965, 1571886696991, 1571886697348, 383, 357, 26
37, 1571886757264, 1571886757282, 1571886758297, 1033, 1015, 18
38, 1571886817479, 1571886817499, 1571886818287, 808, 788, 20
39, 1571886877773, 1571886877793, 1571886878337, 564, 544, 20
40, 1571886938113, 1571886938129, 1571886938553, 440, 424, 16
41, 1571886998294, 1571886998322, 1571886998591, 297, 269, 28
42, 1571887057513, 1571887057535, 1571887058660, 1147, 1125, 22
43, 1571887118799, 1571887118819, 1571887119774, 975, 955, 20
44, 1571887168952, 1571887168981, 1571887170083, 1131, 1102, 29
