0, 1571873795554, 1571873795599, 1571873796426, 872, 827, 45
1, 1571873826743, 1571873826772, 1571873827394, 651, 622, 29
2, 1571873916011, 1571873916040, 1571873916542, 531, 502, 29
3, 1571873976313, 1571873976341, 1571873976644, 331, 303, 28
4, 1571874006527, 1571874006556, 1571874007828, 1301, 1272, 29
5, 1571874127988, 1571874128017, 1571874128870, 882, 853, 29
6, 1571874218370, 1571874218400, 1571874218657, 287, 257, 30
7, 1571874278587, 1571874278617, 1571874279805, 1218, 1188, 30
8, 1571874338837, 1571874338864, 1571874339969, 1132, 1105, 27
9, 1571874399168, 1571874399193, 1571874399923, 755, 730, 25
10, 1571874459372, 1571874459401, 1571874460031, 659, 630, 29
11, 1571874520713, 1571874520739, 1571874521232, 519, 493, 26
12, 1571874570955, 1571874570992, 1571874571198, 243, 206, 37
13, 1571874631230, 1571874631258, 1571874632453, 1223, 1195, 28
14, 1571874691560, 1571874691589, 1571874692404, 844, 815, 29
15, 1571874751851, 1571874751878, 1571874752606, 755, 728, 27
16, 1571874812147, 1571874812170, 1571874812743, 596, 573, 23
17, 1571874872466, 1571874872492, 1571874872738, 272, 246, 26
18, 1571874932765, 1571874932792, 1571874933882, 1117, 1090, 27
19, 1571874994063, 1571874994088, 1571874995045, 982, 957, 25
20, 1571875054401, 1571875054427, 1571875055249, 848, 822, 26
21, 1571875113610, 1571875113639, 1571875114271, 661, 632, 29
22, 1571875174858, 1571875174887, 1571875175353, 495, 466, 29
23, 1571875235140, 1571875235166, 1571875235382, 242, 216, 26
24, 1571875296458, 1571875296480, 1571875297583, 1125, 1103, 22
25, 1571875355684, 1571875355710, 1571875356612, 928, 902, 26
26, 1571875385832, 1571875385858, 1571875386601, 769, 743, 26
27, 1571875477261, 1571875477286, 1571875477781, 520, 495, 25
28, 1571875537552, 1571875537574, 1571875537939, 387, 365, 22
29, 1571875596796, 1571875596824, 1571875598038, 1242, 1214, 28
30, 1571875657078, 1571875657107, 1571875658031, 953, 924, 29
31, 1571875718329, 1571875718355, 1571875719334, 1005, 979, 26
32, 1571875778569, 1571875778594, 1571875779242, 673, 648, 25
33, 1571875837786, 1571875837814, 1571875838393, 607, 579, 28
34, 1571875898054, 1571875898084, 1571875898452, 398, 368, 30
35, 1571875958305, 1571875958331, 1571875959549, 1244, 1218, 26
36, 1571876018575, 1571876018603, 1571876019664, 1089, 1061, 28
37, 1571876078855, 1571876078880, 1571876079777, 922, 897, 25
38, 1571876139086, 1571876139116, 1571876139788, 702, 672, 30
39, 1571876199330, 1571876199359, 1571876199863, 533, 504, 29
40, 1571876269653, 1571876269681, 1571876269969, 316, 288, 28
41, 1571876299794, 1571876299820, 1571876300070, 276, 250, 26
42, 1571876390111, 1571876390138, 1571876391185, 1074, 1047, 27
43, 1571876450299, 1571876450331, 1571876451278, 979, 947, 32
44, 1571876470368, 1571876470397, 1571876471335, 967, 938, 29
