0, 1571891831924, 1571891831951, 1571891832178, 254, 227, 27
1, 1571891862078, 1571891862098, 1571891863204, 1126, 1106, 20
2, 1571891892146, 1571891892173, 1571891893297, 1151, 1124, 27
3, 1571892012593, 1571892012620, 1571892013534, 941, 914, 27
4, 1571892072870, 1571892072900, 1571892073542, 672, 642, 30
5, 1571892103059, 1571892103079, 1571892103591, 532, 512, 20
6, 1571892163350, 1571892163377, 1571892163594, 244, 217, 27
7, 1571892250694, 1571892250719, 1571892251872, 1178, 1153, 25
8, 1571892314971, 1571892314993, 1571892315848, 877, 855, 22
9, 1571892375204, 1571892375233, 1571892376154, 950, 921, 29
10, 1571892465659, 1571892465686, 1571892466122, 463, 436, 27
11, 1571892555971, 1571892555998, 1571892557197, 1226, 1199, 27
12, 1571892586166, 1571892586187, 1571892587321, 1155, 1134, 21
13, 1571892676623, 1571892676648, 1571892677317, 694, 669, 25
14, 1571892736941, 1571892736963, 1571892737403, 462, 440, 22
15, 1571892767124, 1571892767139, 1571892767509, 385, 370, 15
16, 1571892857519, 1571892857543, 1571892858665, 1146, 1122, 24
17, 1571892917823, 1571892917851, 1571892918692, 869, 841, 28
18, 1571892978128, 1571892978152, 1571892978889, 761, 737, 24
19, 1571893038469, 1571893038493, 1571893038925, 456, 432, 24
20, 1571893098733, 1571893098762, 1571893098972, 239, 210, 29
21, 1571893160075, 1571893160092, 1571893161232, 1157, 1140, 17
22, 1571893188162, 1571893188191, 1571893189104, 942, 913, 29
23, 1571893280496, 1571893280514, 1571893283332, 2836, 2818, 18
24, 1571893340767, 1571893340788, 1571893341280, 513, 492, 21
25, 1571893370891, 1571893370917, 1571893371428, 537, 511, 26
26, 1571893461315, 1571893461335, 1571893462438, 1123, 1103, 20
27, 1571893521525, 1571893521551, 1571893522639, 1114, 1088, 26
28, 1571893576816, 1571893576841, 1571893577641, 825, 800, 25
29, 1571893642130, 1571893642158, 1571893642738, 608, 580, 28
30, 1571893672328, 1571893672348, 1571893672839, 511, 491, 20
31, 1571893729578, 1571893729603, 1571893729868, 290, 265, 25
32, 1571893822893, 1571893822922, 1571893823931, 1038, 1009, 29
33, 1571893883132, 1571893883161, 1571893884011, 879, 850, 29
34, 1571893943405, 1571893943434, 1571893944060, 655, 626, 29
35, 1571893973560, 1571893973585, 1571893974147, 587, 562, 25
36, 1571894059833, 1571894059862, 1571894060194, 361, 332, 29
37, 1571894116108, 1571894116137, 1571894117437, 1329, 1300, 29
38, 1571894141261, 1571894141288, 1571894142418, 1157, 1130, 27
39, 1571894245718, 1571894245742, 1571894246543, 825, 801, 24
40, 1571894294861, 1571894294890, 1571894295491, 630, 601, 29
41, 1571894336084, 1571894336108, 1571894336596, 512, 488, 24
42, 1571894426432, 1571894426463, 1571894426722, 290, 259, 31
43, 1571894486635, 1571894486664, 1571894487836, 1201, 1172, 29
44, 1571894546872, 1571894546899, 1571894547803, 931, 904, 27
