0, 1571901953350, 1571901953401, 1571901953803, 453, 402, 51
1, 1571902013577, 1571902013603, 1571902013873, 296, 270, 26
2, 1571902073723, 1571902073756, 1571902074915, 1192, 1159, 33
3, 1571902133961, 1571902133984, 1571902134960, 999, 976, 23
4, 1571902194171, 1571902194198, 1571902195038, 867, 840, 27
5, 1571902254374, 1571902254401, 1571902255104, 730, 703, 27
6, 1571902314598, 1571902314627, 1571902315210, 612, 583, 29
7, 1571902404904, 1571902404922, 1571902405427, 523, 505, 18
8, 1571902435008, 1571902435036, 1571902435320, 312, 284, 28
9, 1571902495230, 1571902495254, 1571902496345, 1115, 1091, 24
10, 1571902555392, 1571902555421, 1571902556372, 980, 951, 29
11, 1571902615552, 1571902615581, 1571902616440, 888, 859, 29
12, 1571902675697, 1571902675725, 1571902676538, 841, 813, 28
13, 1571902735870, 1571902735927, 1571902736546, 676, 619, 57
14, 1571902796104, 1571902796133, 1571902796729, 625, 596, 29
15, 1571902856379, 1571902856409, 1571902856704, 325, 295, 30
16, 1571902916552, 1571902916588, 1571902917757, 1205, 1169, 36
17, 1571903007008, 1571903007031, 1571903007646, 638, 615, 23
18, 1571903037132, 1571903037162, 1571903037623, 491, 461, 30
19, 1571903127573, 1571903127589, 1571903128730, 1157, 1141, 16
20, 1571903157649, 1571903157678, 1571903158787, 1138, 1109, 29
21, 1571903217875, 1571903217904, 1571903218850, 975, 946, 29
22, 1571903248034, 1571903248063, 1571903249014, 980, 951, 29
23, 1571903368612, 1571903368639, 1571903369016, 404, 377, 27
24, 1571903458976, 1571903459006, 1571903460270, 1294, 1264, 30
25, 1571903519302, 1571903519327, 1571903520314, 1012, 987, 25
26, 1571903579562, 1571903579591, 1571903580689, 1127, 1098, 29
27, 1571903639920, 1571903639951, 1571903640672, 752, 721, 31
28, 1571903670113, 1571903670139, 1571903670743, 630, 604, 26
29, 1571903760518, 1571903760547, 1571903761004, 486, 457, 29
30, 1571903820809, 1571903820839, 1571903821965, 1156, 1126, 30
31, 1571903881121, 1571903881152, 1571903882064, 943, 912, 31
32, 1571903941443, 1571903941472, 1571903942213, 770, 741, 29
33, 1571903971644, 1571903971665, 1571903972162, 518, 497, 21
34, 1571904031928, 1571904031954, 1571904032444, 516, 490, 26
35, 1571904182521, 1571904182544, 1571904183497, 976, 953, 23
36, 1571904212709, 1571904212726, 1571904213771, 1062, 1045, 17
37, 1571904242786, 1571904242815, 1571904243717, 931, 902, 29
38, 1571904363297, 1571904363325, 1571904363981, 684, 656, 28
39, 1571904431616, 1571904431644, 1571904431915, 299, 271, 28
40, 1571904483848, 1571904483879, 1571904485160, 1312, 1281, 31
41, 1571904544207, 1571904544231, 1571904545124, 917, 893, 24
42, 1571904604447, 1571904604480, 1571904605206, 759, 726, 33
