0, 1571865753385, 1571865753416, 1571865753692, 307, 276, 31
1, 1571865813528, 1571865813555, 1571865813737, 209, 182, 27
2, 1571865873744, 1571865873771, 1571865874799, 1055, 1028, 27
3, 1571865947001, 1571865947031, 1571865947969, 968, 938, 30
4, 1571866086466, 1571866086492, 1571866087001, 535, 509, 26
5, 1571866439554, 1571866439581, 1571866440358, 804, 777, 27
6, 1571866499765, 1571866499798, 1571866500422, 657, 624, 33
7, 1571866560010, 1571866560037, 1571866560571, 561, 534, 27
8, 1571866620202, 1571866620234, 1571866620638, 436, 404, 32
9, 1571866680476, 1571866680505, 1571866680798, 322, 293, 29
10, 1571866740744, 1571866740771, 1571866741766, 1022, 995, 27
11, 1571866801062, 1571866801088, 1571866801858, 796, 770, 26
12, 1571866861303, 1571866861327, 1571866861928, 625, 601, 24
13, 1571866921565, 1571866921590, 1571866922011, 446, 421, 25
14, 1571866996911, 1571866996938, 1571866997279, 368, 341, 27
15, 1571867119485, 1571867119512, 1571867120499, 1014, 987, 27
16, 1571867182694, 1571867182723, 1571867183445, 751, 722, 29
17, 1571867243017, 1571867243042, 1571867243585, 568, 543, 25
18, 1571867303300, 1571867303328, 1571867303634, 334, 306, 28
19, 1571867363607, 1571867363637, 1571867363887, 280, 250, 30
20, 1571867423980, 1571867424007, 1571867424936, 956, 929, 27
21, 1571867484226, 1571867484255, 1571867485019, 793, 764, 29
22, 1571867544536, 1571867544565, 1571867545073, 537, 508, 29
23, 1571867604861, 1571867604888, 1571867605167, 306, 279, 27
24, 1571867665174, 1571867665202, 1571867666390, 1216, 1188, 28
25, 1571867725477, 1571867725503, 1571867726505, 1028, 1002, 26
26, 1571867785821, 1571867785847, 1571867786538, 717, 691, 26
27, 1571867846058, 1571867846083, 1571867846751, 693, 668, 25
28, 1571867906272, 1571867906301, 1571867906738, 466, 437, 29
29, 1571867966569, 1571867966599, 1571867967839, 1270, 1240, 30
30, 1571868038888, 1571868038916, 1571868039853, 965, 937, 28
31, 1571868099145, 1571868099173, 1571868100040, 895, 867, 28
32, 1571868168469, 1571868168496, 1571868169550, 1081, 1054, 27
33, 1571868229826, 1571868229852, 1571868230692, 866, 840, 26
34, 1571868290146, 1571868290171, 1571868290806, 660, 635, 25
35, 1571868350382, 1571868350410, 1571868350970, 588, 560, 28
36, 1571868410668, 1571868410697, 1571868410996, 328, 299, 29
37, 1571868470916, 1571868470943, 1571868472184, 1268, 1241, 27
38, 1571868531161, 1571868531185, 1571868532134, 973, 949, 24
39, 1571868591394, 1571868591423, 1571868592336, 942, 913, 29
40, 1571868651629, 1571868651645, 1571868652305, 676, 660, 16
41, 1571868711851, 1571868711879, 1571868712423, 572, 544, 28
42, 1571868772140, 1571868772161, 1571868772528, 388, 367, 21
43, 1571868832411, 1571868832434, 1571868833660, 1249, 1226, 23
44, 1571868886609, 1571868886638, 1571868887664, 1055, 1026, 29
