0, 1571902777018, 1571902777047, 1571902778092, 1074, 1045, 29
1, 1571902808169, 1571902808194, 1571902809189, 1020, 995, 25
2, 1571902897447, 1571902897476, 1571902898099, 652, 623, 29
3, 1571902957750, 1571902957778, 1571902958269, 519, 491, 28
4, 1571902987946, 1571902987966, 1571902988313, 367, 347, 20
5, 1571903109451, 1571903109480, 1571903110419, 968, 939, 29
6, 1571903199820, 1571903199849, 1571903200662, 842, 813, 29
7, 1571903260046, 1571903260076, 1571903260710, 664, 634, 30
8, 1571903320307, 1571903320334, 1571903320764, 457, 430, 27
9, 1571903380646, 1571903380673, 1571903381994, 1348, 1321, 27
10, 1571903440853, 1571903440882, 1571903442069, 1216, 1187, 29
11, 1571903502242, 1571903502274, 1571903503066, 824, 792, 32
12, 1571903552472, 1571903552499, 1571903553375, 903, 876, 27
13, 1571903612769, 1571903612797, 1571903613456, 687, 659, 28
14, 1571903673081, 1571903673111, 1571903673801, 720, 690, 30
15, 1571903733353, 1571903733388, 1571903733799, 446, 411, 35
16, 1571903793650, 1571903793677, 1571903793894, 244, 217, 27
17, 1571903853973, 1571903854000, 1571903855080, 1107, 1080, 27
18, 1571903914300, 1571903914326, 1571903915120, 820, 794, 26
19, 1571903975618, 1571903975648, 1571903976354, 736, 706, 30
20, 1571904035953, 1571904035979, 1571904036419, 466, 440, 26
21, 1571904095156, 1571904095185, 1571904095639, 483, 454, 29
22, 1571904156407, 1571904156433, 1571904157496, 1089, 1063, 26
23, 1571904216676, 1571904216703, 1571904217600, 924, 897, 27
24, 1571904277984, 1571904278002, 1571904278895, 911, 893, 18
25, 1571904337228, 1571904337253, 1571904337760, 532, 507, 25
26, 1571904367371, 1571904367395, 1571904367852, 481, 457, 24
27, 1571904458769, 1571904458788, 1571904459951, 1182, 1163, 19
28, 1571904519068, 1571904519087, 1571904520215, 1147, 1128, 19
29, 1571904578316, 1571904578342, 1571904579123, 807, 781, 26
30, 1571904638586, 1571904638615, 1571904639227, 641, 612, 29
31, 1571904699838, 1571904699863, 1571904700374, 536, 511, 25
32, 1571904760090, 1571904760121, 1571904760477, 387, 356, 31
33, 1571904819308, 1571904819337, 1571904820519, 1211, 1182, 29
34, 1571904879555, 1571904879583, 1571904880563, 1008, 980, 28
35, 1571904939803, 1571904939829, 1571904940621, 818, 792, 26
36, 1571905000090, 1571905000118, 1571905001093, 1003, 975, 28
37, 1571905060401, 1571905060428, 1571905060902, 501, 474, 27
38, 1571905120621, 1571905120644, 1571905120878, 257, 234, 23
39, 1571905180855, 1571905180884, 1571905182038, 1183, 1154, 29
40, 1571905251184, 1571905251210, 1571905252035, 851, 825, 26
41, 1571905281317, 1571905281338, 1571905282162, 845, 824, 21
42, 1571905371621, 1571905371653, 1571905372353, 732, 700, 32
43, 1571905431822, 1571905431849, 1571905432258, 436, 409, 27
44, 1571905451892, 1571905451915, 1571905452298, 406, 383, 23
