0, 1571891872010, 1571891872037, 1571891872326, 316, 289, 27
1, 1571891902169, 1571891902200, 1571891903484, 1315, 1284, 31
2, 1571891932257, 1571891932286, 1571891933330, 1073, 1044, 29
3, 1571892052710, 1571892052738, 1571892053600, 890, 862, 28
4, 1571892113017, 1571892113053, 1571892113607, 590, 554, 36
5, 1571892143221, 1571892143252, 1571892144674, 1453, 1422, 31
6, 1571892203521, 1571892203547, 1571892204658, 1137, 1111, 26
7, 1571892290867, 1571892290893, 1571892291766, 899, 873, 26
8, 1571892355132, 1571892355158, 1571892355763, 631, 605, 26
9, 1571892415376, 1571892415405, 1571892415872, 496, 467, 29
10, 1571892505845, 1571892505871, 1571892507034, 1189, 1163, 26
11, 1571892596184, 1571892596210, 1571892597189, 1005, 979, 26
12, 1571892626389, 1571892626415, 1571892627334, 945, 919, 26
13, 1571892716828, 1571892716862, 1571892717417, 589, 555, 34
14, 1571892777168, 1571892777199, 1571892777522, 354, 323, 31
15, 1571892807396, 1571892807422, 1571892808656, 1260, 1234, 26
16, 1571892897795, 1571892897822, 1571892898706, 911, 884, 27
17, 1571892958103, 1571892958130, 1571892958826, 723, 696, 27
18, 1571893018422, 1571893018449, 1571893018970, 548, 521, 27
19, 1571893078752, 1571893078779, 1571893079186, 434, 407, 27
20, 1571893139016, 1571893139045, 1571893140223, 1207, 1178, 29
21, 1571893200418, 1571893200445, 1571893201244, 826, 799, 27
22, 1571893228526, 1571893228555, 1571893229362, 836, 807, 29
23, 1571893320887, 1571893320914, 1571893321636, 749, 722, 27
24, 1571893381193, 1571893381220, 1571893381475, 282, 255, 27
25, 1571893411326, 1571893411359, 1571893412555, 1229, 1196, 33
26, 1571893501758, 1571893501786, 1571893502764, 1006, 978, 28
27, 1571893561976, 1571893562006, 1571893562904, 928, 898, 30
28, 1571893617280, 1571893617305, 1571893617905, 625, 600, 25
29, 1571893682654, 1571893682681, 1571893683012, 358, 331, 27
30, 1571893712860, 1571893712887, 1571893714020, 1160, 1133, 27
31, 1571893770131, 1571893770158, 1571893771198, 1067, 1040, 27
32, 1571893863464, 1571893863494, 1571893864310, 846, 816, 30
33, 1571893923720, 1571893923750, 1571893924303, 583, 553, 30
34, 1571893984000, 1571893984029, 1571893984461, 461, 432, 29
35, 1571894014168, 1571894014194, 1571894014519, 351, 325, 26
36, 1571894100458, 1571894100488, 1571894101717, 1259, 1229, 30
37, 1571894156758, 1571894156787, 1571894157600, 842, 813, 29
38, 1571894181914, 1571894181941, 1571894183209, 1295, 1268, 27
39, 1571894286405, 1571894286433, 1571894286967, 562, 534, 28
40, 1571894335554, 1571894335583, 1571894336022, 468, 439, 29
41, 1571894376783, 1571894376810, 1571894378085, 1302, 1275, 27
42, 1571894467133, 1571894467164, 1571894468129, 996, 965, 31
43, 1571894527359, 1571894527387, 1571894528378, 1019, 991, 28
44, 1571894587604, 1571894587636, 1571894588224, 620, 588, 32
