0, 1571891086431, 1571891086482, 1571891087666, 1235, 1184, 51
1, 1571891146651, 1571891146681, 1571891147716, 1065, 1035, 30
2, 1571891206798, 1571891206835, 1571891207818, 1020, 983, 37
3, 1571891267030, 1571891267059, 1571891267821, 791, 762, 29
4, 1571891327251, 1571891327286, 1571891327816, 565, 530, 35
5, 1571891387461, 1571891387489, 1571891387953, 492, 464, 28
6, 1571891447689, 1571891447719, 1571891447985, 296, 266, 30
7, 1571891537998, 1571891538025, 1571891539316, 1318, 1291, 27
8, 1571891568105, 1571891568136, 1571891569203, 1098, 1067, 31
9, 1571891628330, 1571891628360, 1571891629078, 748, 718, 30
10, 1571891688505, 1571891688535, 1571891689174, 669, 639, 30
11, 1571891748676, 1571891748707, 1571891749222, 546, 515, 31
12, 1571891808815, 1571891808844, 1571891809192, 377, 348, 29
13, 1571891868979, 1571891869010, 1571891869342, 363, 332, 31
14, 1571891929226, 1571891929257, 1571891930485, 1259, 1228, 31
15, 1571891989509, 1571891989538, 1571891990393, 884, 855, 29
16, 1571892049678, 1571892049708, 1571892050490, 812, 782, 30
17, 1571892140188, 1571892140219, 1571892140946, 758, 727, 31
18, 1571892170331, 1571892170361, 1571892170652, 321, 291, 30
19, 1571892260762, 1571892260780, 1571892261650, 888, 870, 18
20, 1571892290834, 1571892290864, 1571892291693, 859, 829, 30
21, 1571892351073, 1571892351101, 1571892352003, 930, 902, 28
22, 1571892381235, 1571892381264, 1571892381845, 610, 581, 29
23, 1571892501812, 1571892501843, 1571892503094, 1282, 1251, 31
24, 1571892592151, 1571892592181, 1571892593334, 1183, 1153, 30
25, 1571892652499, 1571892652529, 1571892653388, 889, 859, 30
26, 1571892712769, 1571892712798, 1571892713504, 735, 706, 29
27, 1571892773108, 1571892773137, 1571892773670, 562, 533, 29
28, 1571892803339, 1571892803366, 1571892803648, 309, 282, 27
29, 1571892893739, 1571892893767, 1571892894948, 1209, 1181, 28
30, 1571892954042, 1571892954072, 1571892955188, 1146, 1116, 30
31, 1571893014361, 1571893014393, 1571893015003, 642, 610, 32
32, 1571893074689, 1571893074718, 1571893075174, 485, 456, 29
33, 1571893104907, 1571893104934, 1571893106162, 1255, 1228, 27
34, 1571893165200, 1571893165227, 1571893166504, 1304, 1277, 27
35, 1571893315829, 1571893315857, 1571893316460, 631, 603, 28
36, 1571893346051, 1571893346079, 1571893346444, 393, 365, 28
37, 1571893376132, 1571893376162, 1571893376637, 505, 475, 30
38, 1571893496667, 1571893496698, 1571893497794, 1127, 1096, 31
39, 1571893565007, 1571893565037, 1571893565799, 792, 762, 30
40, 1571893617248, 1571893617277, 1571893617856, 608, 579, 29
41, 1571893677619, 1571893677650, 1571893678037, 418, 387, 31
42, 1571893737909, 1571893737943, 1571893739137, 1228, 1194, 34
