0, 1571865686172, 1571865686251, 1571865687536, 1364, 1285, 79
1, 1571865847714, 1571865847744, 1571865848737, 1023, 993, 30
2, 1571865890847, 1571865890876, 1571865891807, 960, 931, 29
3, 1571866297237, 1571866297266, 1571866298226, 989, 960, 29
4, 1571866317314, 1571866317342, 1571866318172, 858, 830, 28
5, 1571866357382, 1571866357404, 1571866358330, 948, 926, 22
6, 1571866690517, 1571866690543, 1571866691550, 1033, 1007, 26
7, 1571866750799, 1571866750826, 1571866751651, 852, 825, 27
8, 1571866831243, 1571866831269, 1571866831752, 509, 483, 26
9, 1571866871309, 1571866871339, 1571866871798, 489, 459, 30
10, 1571866934603, 1571866934633, 1571866935180, 577, 547, 30
11, 1571867014972, 1571867014995, 1571867016204, 1232, 1209, 23
12, 1571867066267, 1571867066295, 1571867067135, 868, 840, 28
13, 1571867106345, 1571867106374, 1571867107302, 957, 928, 29
14, 1571867186746, 1571867186775, 1571867187259, 513, 484, 29
15, 1571867248081, 1571867248103, 1571867248554, 473, 451, 22
16, 1571867308389, 1571867308417, 1571867309471, 1082, 1054, 28
17, 1571867348553, 1571867348576, 1571867349540, 987, 964, 23
18, 1571867428970, 1571867428998, 1571867429561, 591, 563, 28
19, 1571867489288, 1571867489314, 1571867489731, 443, 417, 26
20, 1571867549621, 1571867549644, 1571867550420, 799, 776, 23
21, 1571867609909, 1571867609935, 1571867610522, 613, 587, 26
22, 1571867670249, 1571867670273, 1571867670637, 388, 364, 24
23, 1571867730545, 1571867730565, 1571867731702, 1157, 1137, 20
24, 1571867770759, 1571867770781, 1571867771772, 1013, 991, 22
25, 1571867810952, 1571867810980, 1571867811809, 857, 829, 28
26, 1571868040978, 1571868041007, 1571868042113, 1135, 1106, 29
27, 1571868101235, 1571868101261, 1571868102219, 984, 958, 26
28, 1571868244862, 1571868244885, 1571868245778, 916, 893, 23
29, 1571868325336, 1571868325365, 1571868326161, 825, 796, 29
30, 1571868396643, 1571868396669, 1571868397093, 450, 424, 26
31, 1571868456919, 1571868456940, 1571868457364, 445, 424, 21
32, 1571868497083, 1571868497109, 1571868498141, 1058, 1032, 26
33, 1571868577375, 1571868577405, 1571868578297, 922, 892, 30
34, 1571868637646, 1571868637677, 1571868638410, 764, 733, 31
35, 1571868680843, 1571868680870, 1571868681389, 546, 519, 27
36, 1571868753117, 1571868753147, 1571868753632, 515, 485, 30
37, 1571868820427, 1571868820456, 1571868821783, 1356, 1327, 29
38, 1571868850536, 1571868850565, 1571868851590, 1054, 1025, 29
39, 1571868891771, 1571868891799, 1571868892652, 881, 853, 28
40, 1571868992127, 1571868992144, 1571868992755, 628, 611, 17
41, 1571869021249, 1571869021279, 1571869021848, 599, 569, 30
42, 1571869122696, 1571869122722, 1571869123053, 357, 331, 26
43, 1571869162839, 1571869162865, 1571869164031, 1192, 1166, 26
44, 1571869243089, 1571869243109, 1571869244081, 992, 972, 20
