0, 1571894669750, 1571894669802, 1571894670884, 1134, 1082, 52
1, 1571894739965, 1571894739999, 1571894740967, 1002, 968, 34
2, 1571894775107, 1571894775136, 1571894775992, 885, 856, 29
3, 1571894845303, 1571894845328, 1571894846039, 736, 711, 25
4, 1571894915524, 1571894915555, 1571894916089, 565, 534, 31
5, 1571894950671, 1571894950699, 1571894951125, 454, 426, 28
6, 1571895019896, 1571895019923, 1571895020195, 299, 272, 27
7, 1571895091125, 1571895091152, 1571895092223, 1098, 1071, 27
8, 1571895161362, 1571895161390, 1571895161852, 490, 462, 28
9, 1571895196530, 1571895196559, 1571895196888, 358, 329, 29
10, 1571895230601, 1571895230630, 1571895230918, 317, 288, 29
11, 1571895758462, 1571895758491, 1571895758842, 380, 351, 29
12, 1571895793601, 1571895793629, 1571895793938, 337, 309, 28
13, 1571895863881, 1571895863910, 1571895864992, 1111, 1082, 29
14, 1571895934229, 1571895934255, 1571895935092, 863, 837, 26
15, 1571896004503, 1571896004532, 1571896005118, 615, 586, 29
16, 1571896039703, 1571896039726, 1571896040262, 559, 536, 23
17, 1571896109995, 1571896110023, 1571896110246, 251, 223, 28
18, 1571896180293, 1571896180321, 1571896181316, 1023, 995, 28
19, 1571896215457, 1571896215482, 1571896216374, 917, 892, 25
20, 1571896285838, 1571896285867, 1571896286450, 612, 583, 29
21, 1571896356199, 1571896356220, 1571896356865, 666, 645, 21
22, 1571896426557, 1571896426581, 1571896426956, 399, 375, 24
23, 1571896461694, 1571896461721, 1571896462111, 417, 390, 27
24, 1571896532082, 1571896532096, 1571896533127, 1045, 1031, 14
25, 1571896602361, 1571896602389, 1571896603179, 818, 790, 28
26, 1571896637520, 1571896637545, 1571896638208, 688, 663, 25
27, 1571896707851, 1571896707878, 1571896708366, 515, 488, 27
28, 1571896778238, 1571896778265, 1571896779407, 1169, 1142, 27
29, 1571896954003, 1571896954029, 1571896954592, 589, 563, 26
30, 1571897024355, 1571897024381, 1571897024676, 321, 295, 26
31, 1571897059483, 1571897059511, 1571897059870, 387, 359, 28
32, 1571897129787, 1571897129816, 1571897130823, 1036, 1007, 29
33, 1571897200104, 1571897200136, 1571897200876, 772, 740, 32
34, 1571897235296, 1571897235321, 1571897235930, 634, 609, 25
35, 1571897270457, 1571897270485, 1571897271104, 647, 619, 28
36, 1571897808767, 1571897808790, 1571897809752, 985, 962, 23
37, 1571897843957, 1571897843979, 1571897844745, 788, 766, 22
38, 1571897914225, 1571897914249, 1571897914892, 667, 643, 24
39, 1571897984474, 1571897984499, 1571897984867, 393, 368, 25
40, 1571898019583, 1571898019612, 1571898019955, 372, 343, 29
41, 1571898089921, 1571898089950, 1571898090962, 1041, 1012, 29
42, 1571898160225, 1571898160249, 1571898161103, 878, 854, 24
43, 1571898230465, 1571898230490, 1571898231098, 633, 608, 25
