0, 1571902761927, 1571902761954, 1571902762654, 727, 700, 27
1, 1571902793080, 1571902793109, 1571902793861, 781, 752, 29
2, 1571902882350, 1571902882379, 1571902882696, 346, 317, 29
3, 1571902942623, 1571902942652, 1571902942970, 347, 318, 29
4, 1571902972842, 1571902972869, 1571902973622, 780, 753, 27
5, 1571903094351, 1571903094380, 1571903094613, 262, 233, 29
6, 1571903184716, 1571903184745, 1571903185808, 1092, 1063, 29
7, 1571903244958, 1571903244988, 1571903245868, 910, 880, 30
8, 1571903305212, 1571903305238, 1571903305925, 713, 687, 26
9, 1571903365540, 1571903365567, 1571903366184, 644, 617, 27
10, 1571903425757, 1571903425784, 1571903426283, 526, 499, 27
11, 1571903487148, 1571903487175, 1571903488214, 1066, 1039, 27
12, 1571903537491, 1571903537519, 1571903538369, 878, 850, 28
13, 1571903597790, 1571903597817, 1571903598628, 838, 811, 27
14, 1571903658098, 1571903658127, 1571903658670, 572, 543, 29
15, 1571903718380, 1571903718406, 1571903718828, 448, 422, 26
16, 1571903778654, 1571903778681, 1571903778843, 189, 162, 27
17, 1571903838970, 1571903838998, 1571903840049, 1079, 1051, 28
18, 1571903899243, 1571903899269, 1571903900056, 813, 787, 26
19, 1571903960541, 1571903960565, 1571903961342, 801, 777, 24
20, 1571904020855, 1571904020883, 1571904021334, 479, 451, 28
21, 1571904080068, 1571904080096, 1571904080407, 339, 311, 28
22, 1571904141314, 1571904141341, 1571904142549, 1235, 1208, 27
23, 1571904201592, 1571904201620, 1571904202549, 957, 929, 28
24, 1571904262894, 1571904262914, 1571904263747, 853, 833, 20
25, 1571904322120, 1571904322161, 1571904322763, 643, 602, 41
26, 1571904352297, 1571904352323, 1571904352800, 503, 477, 26
27, 1571904443693, 1571904443713, 1571904444168, 475, 455, 20
28, 1571904503985, 1571904504007, 1571904505199, 1214, 1192, 22
29, 1571904563220, 1571904563246, 1571904564118, 898, 872, 26
30, 1571904623495, 1571904623524, 1571904624198, 703, 674, 29
31, 1571904684747, 1571904684772, 1571904685353, 606, 581, 25
32, 1571904744988, 1571904745013, 1571904745467, 479, 454, 25
33, 1571904804202, 1571904804230, 1571904804384, 182, 154, 28
34, 1571904864456, 1571904864484, 1571904865570, 1114, 1086, 28
35, 1571904924712, 1571904924736, 1571904925589, 877, 853, 24
36, 1571904984963, 1571904984990, 1571904985695, 732, 705, 27
37, 1571905045263, 1571905045287, 1571905045944, 681, 657, 24
38, 1571905105470, 1571905105499, 1571905105866, 396, 367, 29
39, 1571905165714, 1571905165743, 1571905165936, 222, 193, 29
40, 1571905236043, 1571905236071, 1571905237028, 985, 957, 28
41, 1571905266175, 1571905266200, 1571905267142, 967, 942, 25
42, 1571905356522, 1571905356547, 1571905357177, 655, 630, 25
43, 1571905416748, 1571905416776, 1571905417254, 506, 478, 28
44, 1571905436818, 1571905436847, 1571905437276, 458, 429, 29
