0, 1571872924652, 1571872924739, 1571872925813, 1161, 1074, 87
1, 1571873086269, 1571873086300, 1571873087311, 1042, 1011, 31
2, 1571873129401, 1571873129431, 1571873130454, 1053, 1023, 30
3, 1571873535860, 1571873535889, 1571873536800, 940, 911, 29
4, 1571873555937, 1571873555964, 1571873556810, 873, 846, 27
5, 1571873596003, 1571873596031, 1571873596841, 838, 810, 28
6, 1571873929197, 1571873929230, 1571873930148, 951, 918, 33
7, 1571873989517, 1571873989543, 1571873990209, 692, 666, 26
8, 1571874069971, 1571874069989, 1571874070471, 500, 482, 18
9, 1571874110001, 1571874110029, 1571874110353, 352, 324, 28
10, 1571874173314, 1571874173344, 1571874174271, 957, 927, 30
11, 1571874253694, 1571874253725, 1571874254432, 738, 707, 31
12, 1571874305007, 1571874305029, 1571874305457, 450, 428, 22
13, 1571874345096, 1571874345125, 1571874345477, 381, 352, 29
14, 1571874425526, 1571874425555, 1571874426585, 1059, 1030, 29
15, 1571874486850, 1571874486875, 1571874487607, 757, 732, 25
16, 1571874547180, 1571874547201, 1571874547886, 706, 685, 21
17, 1571874587350, 1571874587377, 1571874587805, 455, 428, 27
18, 1571874667815, 1571874667846, 1571874668909, 1094, 1063, 31
19, 1571874728142, 1571874728164, 1571874729064, 922, 900, 22
20, 1571874788487, 1571874788506, 1571874789071, 584, 565, 19
21, 1571874848771, 1571874848796, 1571874849182, 411, 386, 25
22, 1571874909115, 1571874909134, 1571874910274, 1159, 1140, 19
23, 1571874969398, 1571874969419, 1571874970491, 1093, 1072, 21
24, 1571875009621, 1571875009643, 1571875010551, 930, 908, 22
25, 1571875049815, 1571875049843, 1571875050478, 663, 635, 28
26, 1571875279860, 1571875279886, 1571875280753, 893, 867, 26
27, 1571875340121, 1571875340148, 1571875340764, 643, 616, 27
28, 1571875483756, 1571875483783, 1571875484257, 501, 474, 27
29, 1571875564248, 1571875564275, 1571875565444, 1196, 1169, 27
30, 1571875635549, 1571875635578, 1571875636666, 1117, 1088, 29
31, 1571875695831, 1571875695849, 1571875696637, 806, 788, 18
32, 1571875736001, 1571875736027, 1571875736578, 577, 551, 26
33, 1571875816300, 1571875816330, 1571875816879, 579, 549, 30
34, 1571875876579, 1571875876608, 1571875877731, 1152, 1123, 29
35, 1571875919788, 1571875919814, 1571875920870, 1082, 1056, 26
36, 1571875992057, 1571875992086, 1571875992890, 833, 804, 29
37, 1571876059393, 1571876059422, 1571876060016, 623, 594, 29
38, 1571876089505, 1571876089534, 1571876090009, 504, 475, 29
39, 1571876130744, 1571876130772, 1571876131108, 364, 336, 28
40, 1571876231139, 1571876231166, 1571876232356, 1217, 1190, 27
41, 1571876260265, 1571876260293, 1571876261249, 984, 956, 28
42, 1571876361734, 1571876361762, 1571876362456, 722, 694, 28
43, 1571876401860, 1571876401887, 1571876402461, 601, 574, 27
44, 1571876482146, 1571876482166, 1571876482487, 341, 321, 20
