0, 1571888248380, 1571888248402, 1571888249496, 1116, 1094, 22
1, 1571888278503, 1571888278530, 1571888279589, 1086, 1059, 27
2, 1571888308585, 1571888308628, 1571888309576, 991, 948, 43
3, 1571888429060, 1571888429090, 1571888429771, 711, 681, 30
4, 1571888489360, 1571888489389, 1571888489858, 498, 469, 29
5, 1571888519549, 1571888519575, 1571888520019, 470, 444, 26
6, 1571888579831, 1571888579858, 1571888580334, 503, 476, 27
7, 1571888667170, 1571888667200, 1571888667499, 329, 299, 30
8, 1571888731458, 1571888731482, 1571888732489, 1031, 1007, 24
9, 1571888791685, 1571888791713, 1571888792579, 894, 866, 28
10, 1571888882125, 1571888882152, 1571888882906, 781, 754, 27
11, 1571888972477, 1571888972503, 1571888972839, 362, 336, 26
12, 1571889002687, 1571889002713, 1571889002935, 248, 222, 26
13, 1571889093122, 1571889093146, 1571889094099, 977, 953, 24
14, 1571889153414, 1571889153441, 1571889154218, 804, 777, 27
15, 1571889183629, 1571889183646, 1571889184272, 643, 626, 17
16, 1571889274030, 1571889274055, 1571889274459, 429, 404, 25
17, 1571889334311, 1571889334338, 1571889334589, 278, 251, 27
18, 1571889394620, 1571889394644, 1571889395607, 987, 963, 24
19, 1571889454929, 1571889454950, 1571889455694, 765, 744, 21
20, 1571889515150, 1571889515182, 1571889515796, 646, 614, 32
21, 1571889576562, 1571889576584, 1571889576932, 370, 348, 22
22, 1571889604660, 1571889604687, 1571889604913, 253, 226, 27
23, 1571889697010, 1571889697034, 1571889698118, 1108, 1084, 24
24, 1571889757271, 1571889757293, 1571889758238, 967, 945, 22
25, 1571889787401, 1571889787420, 1571889788485, 1084, 1065, 19
26, 1571889877775, 1571889877801, 1571889878410, 635, 609, 26
27, 1571889937966, 1571889937997, 1571889938495, 529, 498, 31
28, 1571889993257, 1571889993288, 1571889993694, 437, 406, 31
29, 1571890058593, 1571890058616, 1571890059747, 1154, 1131, 23
30, 1571890088786, 1571890088808, 1571890089789, 1003, 981, 22
31, 1571890146047, 1571890146077, 1571890146930, 883, 853, 30
32, 1571890239352, 1571890239380, 1571890240023, 671, 643, 28
33, 1571890299593, 1571890299623, 1571890300102, 509, 479, 30
34, 1571890359868, 1571890359894, 1571890360091, 223, 197, 26
35, 1571890390015, 1571890390038, 1571890391137, 1122, 1099, 23
36, 1571890476267, 1571890476298, 1571890477345, 1078, 1047, 31
37, 1571890532555, 1571890532584, 1571890533491, 936, 907, 29
38, 1571890557716, 1571890557744, 1571890558717, 1001, 973, 28
39, 1571890662156, 1571890662182, 1571890662565, 409, 383, 26
40, 1571890711293, 1571890711321, 1571890711568, 275, 247, 28
41, 1571890752512, 1571890752532, 1571890753628, 1116, 1096, 20
42, 1571890842850, 1571890842876, 1571890843836, 986, 960, 26
43, 1571890903033, 1571890903062, 1571890903910, 877, 848, 29
44, 1571890963262, 1571890963287, 1571890964264, 1002, 977, 25
