0, 1571865708208, 1571865708260, 1571865708642, 434, 382, 52
1, 1571865768433, 1571865768458, 1571865768796, 363, 338, 25
2, 1571865828572, 1571865828605, 1571865829848, 1276, 1243, 33
3, 1571865888793, 1571865888820, 1571865889789, 996, 969, 27
4, 1571865949005, 1571865949033, 1571865949871, 866, 838, 28
5, 1571866009193, 1571866009220, 1571866009931, 738, 711, 27
6, 1571866069417, 1571866069445, 1571866070102, 685, 657, 28
7, 1571866159718, 1571866159745, 1571866160089, 371, 344, 27
8, 1571866189832, 1571866189861, 1571866190159, 327, 298, 29
9, 1571866250051, 1571866250080, 1571866251269, 1218, 1189, 29
10, 1571866310217, 1571866310245, 1571866311271, 1054, 1026, 28
11, 1571866370369, 1571866370397, 1571866371305, 936, 908, 28
12, 1571866430506, 1571866430534, 1571866431399, 893, 865, 28
13, 1571866490667, 1571866490696, 1571866491416, 749, 720, 29
14, 1571866550877, 1571866550905, 1571866551493, 616, 588, 28
15, 1571866611146, 1571866611175, 1571866611586, 440, 411, 29
16, 1571866671312, 1571866671341, 1571866671714, 402, 373, 29
17, 1571866761780, 1571866761810, 1571866762802, 1022, 992, 30
18, 1571866791912, 1571866791941, 1571866792894, 982, 953, 29
19, 1571866882343, 1571866882369, 1571866882981, 638, 612, 26
20, 1571866912422, 1571866912451, 1571866913053, 631, 602, 29
21, 1571866972669, 1571866972697, 1571866973258, 589, 561, 28
22, 1571867002833, 1571867002860, 1571867003170, 337, 310, 27
23, 1571867123437, 1571867123463, 1571867124409, 972, 946, 26
24, 1571867213789, 1571867213817, 1571867214481, 692, 664, 28
25, 1571867274132, 1571867274160, 1571867274585, 453, 425, 28
26, 1571867334416, 1571867334445, 1571867334745, 329, 300, 29
27, 1571867394715, 1571867394739, 1571867395935, 1220, 1196, 24
28, 1571867424918, 1571867424961, 1571867426046, 1128, 1085, 43
29, 1571867515382, 1571867515411, 1571867516235, 853, 824, 29
30, 1571867575680, 1571867575709, 1571867576274, 594, 565, 29
31, 1571867635993, 1571867636022, 1571867636330, 337, 308, 29
32, 1571867696311, 1571867696340, 1571867697412, 1101, 1072, 29
33, 1571867726527, 1571867726550, 1571867727392, 865, 842, 23
34, 1571867786812, 1571867786838, 1571867787592, 780, 754, 26
35, 1571867937423, 1571867937452, 1571867937695, 272, 243, 29
36, 1571867967635, 1571867967654, 1571867968800, 1165, 1146, 19
37, 1571867997709, 1571867997737, 1571867998787, 1078, 1050, 28
38, 1571868118229, 1571868118258, 1571868119072, 843, 814, 29
39, 1571868186553, 1571868186581, 1571868187624, 1071, 1043, 28
40, 1571868238776, 1571868238805, 1571868239712, 936, 907, 29
41, 1571868299114, 1571868299143, 1571868299771, 657, 628, 29
42, 1571868359422, 1571868359459, 1571868360002, 580, 543, 37
