0, 1571869317322, 1571869317374, 1571869318192, 870, 818, 52
1, 1571869377561, 1571869377587, 1571869378681, 1120, 1094, 26
2, 1571869437706, 1571869437738, 1571869438698, 992, 960, 32
3, 1571869497943, 1571869497970, 1571869498732, 789, 762, 27
4, 1571869558158, 1571869558186, 1571869558945, 787, 759, 28
5, 1571869618366, 1571869618394, 1571869618861, 495, 467, 28
6, 1571869678585, 1571869678615, 1571869678893, 308, 278, 30
7, 1571869768877, 1571869768894, 1571869770218, 1341, 1324, 17
8, 1571869798969, 1571869798991, 1571869800299, 1330, 1308, 22
9, 1571869859173, 1571869859195, 1571869860086, 913, 891, 22
10, 1571869919307, 1571869919336, 1571869920160, 853, 824, 29
11, 1571869979470, 1571869979494, 1571869980185, 715, 691, 24
12, 1571870039611, 1571870039635, 1571870040254, 643, 619, 24
13, 1571870099783, 1571870099811, 1571870100322, 539, 511, 28
14, 1571870160027, 1571870160053, 1571870160391, 364, 338, 26
15, 1571870220309, 1571870220338, 1571870221569, 1260, 1231, 29
16, 1571870280481, 1571870280511, 1571870281719, 1238, 1208, 30
17, 1571870370940, 1571870370960, 1571870371731, 791, 771, 20
18, 1571870401066, 1571870401087, 1571870401873, 807, 786, 21
19, 1571870491488, 1571870491504, 1571870491902, 414, 398, 16
20, 1571870521565, 1571870521594, 1571870522048, 483, 454, 29
21, 1571870581809, 1571870581834, 1571870582213, 404, 379, 25
22, 1571870611974, 1571870612002, 1571870613210, 1236, 1208, 28
23, 1571870732534, 1571870732554, 1571870733481, 947, 927, 20
24, 1571870822882, 1571870822911, 1571870823543, 661, 632, 29
25, 1571870883247, 1571870883275, 1571870883960, 713, 685, 28
26, 1571870943556, 1571870943600, 1571870944753, 1197, 1153, 44
27, 1571871003935, 1571871003963, 1571871004945, 1010, 982, 28
28, 1571871034155, 1571871034181, 1571871035021, 866, 840, 26
29, 1571871124587, 1571871124615, 1571871125060, 473, 445, 28
30, 1571871184923, 1571871184953, 1571871186346, 1423, 1393, 30
31, 1571871245250, 1571871245283, 1571871246646, 1396, 1363, 33
32, 1571871305579, 1571871305608, 1571871306414, 835, 806, 29
33, 1571871335796, 1571871335822, 1571871336608, 812, 786, 26
34, 1571871396090, 1571871396117, 1571871396845, 755, 728, 27
35, 1571871546712, 1571871546738, 1571871547735, 1023, 997, 26
36, 1571871576923, 1571871576949, 1571871577824, 901, 875, 26
37, 1571871607003, 1571871607032, 1571871607964, 961, 932, 29
38, 1571871727554, 1571871727581, 1571871728039, 485, 458, 27
39, 1571871795886, 1571871795914, 1571871796576, 690, 662, 28
40, 1571871848125, 1571871848154, 1571871848884, 759, 730, 29
41, 1571871908491, 1571871908520, 1571871908888, 397, 368, 29
42, 1571871968794, 1571871968828, 1571871969920, 1126, 1092, 34
