0, 1571876871656, 1571876871676, 1571876872688, 1032, 1012, 20
1, 1571876941872, 1571876941900, 1571876942623, 751, 723, 28
2, 1571876976950, 1571876976979, 1571876977747, 797, 768, 29
3, 1571877046217, 1571877046244, 1571877046727, 510, 483, 27
4, 1571877082333, 1571877082359, 1571877082772, 439, 413, 26
5, 1571877480562, 1571877480591, 1571877481592, 1030, 1001, 29
6, 1571877515730, 1571877515757, 1571877516681, 951, 924, 27
7, 1571877550884, 1571877550906, 1571877551831, 947, 925, 22
8, 1571877621214, 1571877621244, 1571877621727, 513, 483, 30
9, 1571877902393, 1571877902418, 1571877903226, 833, 808, 25
10, 1571877937553, 1571877937575, 1571877938178, 625, 603, 22
11, 1571877972726, 1571877972756, 1571877973331, 605, 575, 30
12, 1571878078182, 1571878078207, 1571878078411, 229, 204, 25
13, 1571878113315, 1571878113344, 1571878114525, 1210, 1181, 29
14, 1571878182714, 1571878182740, 1571878183543, 829, 803, 26
15, 1571878253059, 1571878253084, 1571878253841, 782, 757, 25
16, 1571878323355, 1571878323384, 1571878323985, 630, 601, 29
17, 1571878359562, 1571878359588, 1571878360613, 1051, 1025, 26
18, 1571878429869, 1571878429896, 1571878430518, 649, 622, 27
19, 1571878500246, 1571878500274, 1571878500538, 292, 264, 28
20, 1571878535410, 1571878535440, 1571878535750, 340, 310, 30
21, 1571878605741, 1571878605769, 1571878606757, 1016, 988, 28
22, 1571878640929, 1571878640956, 1571878641913, 984, 957, 27
23, 1571878746317, 1571878746345, 1571878746918, 601, 573, 28
24, 1571878780479, 1571878780506, 1571878780958, 479, 452, 27
25, 1571878851796, 1571878851825, 1571878852110, 314, 285, 29
26, 1571878909065, 1571878909084, 1571878910296, 1231, 1212, 19
27, 1571878980415, 1571878980439, 1571878981377, 962, 938, 24
28, 1571879050671, 1571879050692, 1571879051531, 860, 839, 21
29, 1571879085913, 1571879085934, 1571879086533, 620, 599, 21
30, 1571879156241, 1571879156291, 1571879156653, 412, 362, 50
31, 1571879225594, 1571879225620, 1571879226706, 1112, 1086, 26
32, 1571879260723, 1571879260744, 1571879261855, 1132, 1111, 21
33, 1571879330982, 1571879331009, 1571879331896, 914, 887, 27
34, 1571879401231, 1571879401257, 1571879401926, 695, 669, 26
35, 1571879471525, 1571879471544, 1571879472014, 489, 470, 19
36, 1571879577948, 1571879577977, 1571879578146, 198, 169, 29
37, 1571879648274, 1571879648303, 1571879649347, 1073, 1044, 29
38, 1571879683465, 1571879683483, 1571879684409, 944, 926, 18
39, 1571879752711, 1571879752739, 1571879753401, 690, 662, 28
40, 1571879822946, 1571879822973, 1571879823474, 528, 501, 27
41, 1571879893225, 1571879893253, 1571879893625, 400, 372, 28
42, 1571879928367, 1571879928395, 1571879928713, 346, 318, 28
43, 1571879998659, 1571879998686, 1571879999711, 1052, 1025, 27
44, 1571880068903, 1571880068923, 1571880069784, 881, 861, 20
