0, 1571859268149, 1571859268178, 1571859269215, 1066, 1037, 29
1, 1571859299297, 1571859299320, 1571859300254, 957, 934, 23
2, 1571859388554, 1571859388583, 1571859389347, 793, 764, 29
3, 1571859448841, 1571859448871, 1571859449536, 695, 665, 30
4, 1571859479052, 1571859479080, 1571859479574, 522, 494, 28
5, 1571859600529, 1571859600558, 1571859601737, 1208, 1179, 29
6, 1571859690853, 1571859690877, 1571859691808, 955, 931, 24
7, 1571859751043, 1571859751072, 1571859751882, 839, 810, 29
8, 1571859811259, 1571859811274, 1571859812108, 849, 834, 15
9, 1571859871490, 1571859871519, 1571859872194, 704, 675, 29
10, 1571859931674, 1571859931704, 1571859932335, 661, 631, 30
11, 1571859992953, 1571859992980, 1571859994231, 1278, 1251, 27
12, 1571860043121, 1571860043135, 1571860044596, 1475, 1461, 14
13, 1571860103357, 1571860103372, 1571860104430, 1073, 1058, 15
14, 1571860163623, 1571860163641, 1571860164510, 887, 869, 18
15, 1571860223878, 1571860223892, 1571860224616, 738, 724, 14
16, 1571860284119, 1571860284134, 1571860285135, 1016, 1001, 15
17, 1571860344346, 1571860344363, 1571860345060, 714, 697, 17
18, 1571860404594, 1571860404615, 1571860405317, 723, 702, 21
19, 1571860465867, 1571860465890, 1571860466421, 554, 531, 23
20, 1571860526132, 1571860526148, 1571860526579, 447, 431, 16
21, 1571860585297, 1571860585327, 1571860586494, 1197, 1167, 30
22, 1571860646478, 1571860646492, 1571860647766, 1288, 1274, 14
23, 1571860706671, 1571860706686, 1571860707748, 1077, 1062, 15
24, 1571860767899, 1571860767921, 1571860768781, 882, 860, 22
25, 1571860827065, 1571860827092, 1571860827790, 725, 698, 27
26, 1571860857198, 1571860857213, 1571860857870, 672, 657, 15
27, 1571860948553, 1571860948571, 1571860949053, 500, 482, 18
28, 1571861008750, 1571861008764, 1571861009297, 547, 533, 14
29, 1571861067947, 1571861067974, 1571861069196, 1249, 1222, 27
30, 1571861128180, 1571861128206, 1571861129272, 1092, 1066, 26
31, 1571861189373, 1571861189389, 1571861190762, 1389, 1373, 16
32, 1571861249534, 1571861249552, 1571861250565, 1031, 1013, 18
33, 1571861308685, 1571861308705, 1571861309568, 883, 863, 20
34, 1571861368885, 1571861368901, 1571861369678, 793, 777, 16
35, 1571861429095, 1571861429110, 1571861429645, 550, 535, 15
36, 1571861489287, 1571861489303, 1571861489839, 552, 536, 16
37, 1571861549516, 1571861549536, 1571861550860, 1344, 1324, 20
38, 1571861609702, 1571861609722, 1571861610991, 1289, 1269, 20
39, 1571861669896, 1571861669912, 1571861671332, 1436, 1420, 16
40, 1571861740123, 1571861740137, 1571861741218, 1095, 1081, 14
41, 1571861770231, 1571861770251, 1571861771335, 1104, 1084, 20
42, 1571861860501, 1571861860517, 1571861861259, 758, 742, 16
43, 1571861920667, 1571861920693, 1571861921675, 1008, 982, 26
44, 1571861940732, 1571861940751, 1571861941391, 659, 640, 19
