0, 1571877404280, 1571877404308, 1571877404731, 451, 423, 28
1, 1571877435428, 1571877435454, 1571877435742, 314, 288, 26
2, 1571877524702, 1571877524731, 1571877525873, 1171, 1142, 29
3, 1571877584979, 1571877585007, 1571877585959, 980, 952, 28
4, 1571877615180, 1571877615198, 1571877616075, 895, 877, 18
5, 1571877736674, 1571877736700, 1571877737308, 634, 608, 26
6, 1571877827048, 1571877827077, 1571877827344, 296, 267, 29
7, 1571877887288, 1571877887314, 1571877888392, 1104, 1078, 26
8, 1571877947542, 1571877947568, 1571877948453, 911, 885, 26
9, 1571878007875, 1571878007903, 1571878008680, 805, 777, 28
10, 1571878068081, 1571878068111, 1571878068681, 600, 570, 30
11, 1571878129438, 1571878129465, 1571878129971, 533, 506, 27
12, 1571878179659, 1571878179687, 1571878180829, 1170, 1142, 28
13, 1571878239953, 1571878239980, 1571878240935, 982, 955, 27
14, 1571878300253, 1571878300281, 1571878301007, 754, 726, 28
15, 1571878360515, 1571878360541, 1571878361251, 736, 710, 26
16, 1571878420826, 1571878420849, 1571878421228, 402, 379, 23
17, 1571878481122, 1571878481150, 1571878482331, 1209, 1181, 28
18, 1571878541440, 1571878541467, 1571878542533, 1093, 1066, 27
19, 1571878602740, 1571878602766, 1571878603706, 966, 940, 26
20, 1571878663069, 1571878663092, 1571878663769, 700, 677, 23
21, 1571878722269, 1571878722297, 1571878722711, 442, 414, 28
22, 1571878783502, 1571878783529, 1571878783782, 280, 253, 27
23, 1571878843777, 1571878843804, 1571878844877, 1100, 1073, 27
24, 1571878905090, 1571878905113, 1571878906144, 1054, 1031, 23
25, 1571878964324, 1571878964350, 1571878964602, 278, 252, 26
26, 1571878994475, 1571878994496, 1571878995709, 1234, 1213, 21
27, 1571879085875, 1571879085898, 1571879086776, 901, 878, 23
28, 1571879146158, 1571879146180, 1571879147010, 852, 830, 22
29, 1571879205422, 1571879205448, 1571879205975, 553, 527, 26
30, 1571879265677, 1571879265705, 1571879266070, 393, 365, 28
31, 1571879326924, 1571879326949, 1571879328138, 1214, 1189, 25
32, 1571879387153, 1571879387178, 1571879388311, 1158, 1133, 25
33, 1571879446361, 1571879446389, 1571879447292, 931, 903, 28
34, 1571879506605, 1571879506634, 1571879507385, 780, 751, 29
35, 1571879566849, 1571879566877, 1571879567393, 544, 516, 28
36, 1571879627134, 1571879627163, 1571879627506, 372, 343, 29
37, 1571879687425, 1571879687451, 1571879688679, 1254, 1228, 26
38, 1571879747642, 1571879747672, 1571879748766, 1124, 1094, 30
39, 1571879810746, 1571879810776, 1571879811196, 450, 420, 30
40, 1571879881106, 1571879881133, 1571879882297, 1191, 1164, 27
41, 1571879911250, 1571879911276, 1571879912629, 1379, 1353, 26
42, 1571880001617, 1571880001644, 1571880002516, 899, 872, 27
43, 1571880061838, 1571880061866, 1571880062585, 747, 719, 28
44, 1571880081913, 1571880081941, 1571880082658, 745, 717, 28
