0, 1571901902209, 1571901902258, 1571901902805, 596, 547, 49
1, 1571901972410, 1571901972445, 1571901972901, 491, 456, 35
2, 1571902007561, 1571902007595, 1571902007972, 411, 377, 34
3, 1571902077757, 1571902077785, 1571902078982, 1225, 1197, 28
4, 1571902147994, 1571902148024, 1571902149119, 1125, 1095, 30
5, 1571902183149, 1571902183177, 1571902184268, 1119, 1091, 28
6, 1571902252381, 1571902252406, 1571902253290, 909, 884, 25
7, 1571902323622, 1571902323651, 1571902324308, 686, 657, 29
8, 1571902393882, 1571902393910, 1571902394392, 510, 482, 28
9, 1571902429040, 1571902429061, 1571902429434, 394, 373, 21
10, 1571902463124, 1571902463153, 1571902463541, 417, 388, 29
11, 1571902991018, 1571902991047, 1571902991204, 186, 157, 29
12, 1571903026169, 1571903026191, 1571903027276, 1107, 1085, 22
13, 1571903096457, 1571903096481, 1571903097385, 928, 904, 24
14, 1571903166804, 1571903166830, 1571903167510, 706, 680, 26
15, 1571903237065, 1571903237093, 1571903237552, 487, 459, 28
16, 1571903272271, 1571903272293, 1571903272838, 567, 545, 22
17, 1571903342575, 1571903342603, 1571903342779, 204, 176, 28
18, 1571903412870, 1571903412899, 1571903413942, 1072, 1043, 29
19, 1571903448003, 1571903448021, 1571903449232, 1229, 1211, 18
20, 1571903518473, 1571903518503, 1571903519179, 706, 676, 30
21, 1571903588836, 1571903588863, 1571903589411, 575, 548, 27
22, 1571903659202, 1571903659230, 1571903659450, 248, 220, 28
23, 1571903694327, 1571903694350, 1571903695541, 1214, 1191, 23
24, 1571903764700, 1571903764720, 1571903765302, 602, 582, 20
25, 1571903835001, 1571903835018, 1571903835391, 390, 373, 17
26, 1571903870134, 1571903870163, 1571903871427, 1293, 1264, 29
27, 1571903940455, 1571903940478, 1571903941556, 1101, 1078, 23
28, 1571904010832, 1571904010854, 1571904011663, 831, 809, 22
29, 1571904186589, 1571904186612, 1571904187748, 1159, 1136, 23
30, 1571904256928, 1571904256953, 1571904257853, 925, 900, 25
31, 1571904292057, 1571904292078, 1571904292905, 848, 827, 21
32, 1571904362336, 1571904362361, 1571904363115, 779, 754, 25
33, 1571904432655, 1571904432687, 1571904433217, 562, 530, 32
34, 1571904467838, 1571904467861, 1571904468192, 354, 331, 23
35, 1571904503019, 1571904503049, 1571904503247, 228, 198, 30
36, 1571905041322, 1571905041348, 1571905041967, 645, 619, 26
37, 1571905076520, 1571905076541, 1571905077027, 507, 486, 21
38, 1571905146788, 1571905146813, 1571905147124, 336, 311, 25
39, 1571905217010, 1571905217036, 1571905218303, 1293, 1267, 26
40, 1571905252114, 1571905252142, 1571905253355, 1241, 1213, 28
41, 1571905322440, 1571905322465, 1571905323318, 878, 853, 25
42, 1571905392759, 1571905392780, 1571905393452, 693, 672, 21
43, 1571905462982, 1571905463005, 1571905463603, 621, 598, 23
