0, 1571872952902, 1571872952947, 1571872953225, 323, 278, 45
1, 1571872987033, 1571872987065, 1571872988386, 1353, 1321, 32
2, 1571873127478, 1571873127501, 1571873128485, 1007, 984, 23
3, 1571873162561, 1571873162590, 1571873163419, 858, 829, 29
4, 1571873232777, 1571873232807, 1571873233576, 799, 769, 30
5, 1571873372234, 1571873372265, 1571873372581, 347, 316, 31
6, 1571873407395, 1571873407420, 1571873407651, 256, 231, 25
7, 1571873930105, 1571873930131, 1571873931242, 1137, 1111, 26
8, 1571873931133, 1571873931157, 1571873932153, 1020, 996, 24
9, 1571874169100, 1571874169127, 1571874169746, 646, 619, 27
10, 1571874204238, 1571874204269, 1571874204530, 292, 261, 31
11, 1571874280586, 1571874280613, 1571874281728, 1142, 1115, 27
12, 1571874356979, 1571874357000, 1571874357773, 794, 773, 21
13, 1571874393077, 1571874393106, 1571874393821, 744, 715, 29
14, 1571874463423, 1571874463451, 1571874464130, 707, 679, 28
15, 1571874507598, 1571874507625, 1571874507988, 390, 363, 27
16, 1571874576987, 1571874577007, 1571874578068, 1081, 1061, 20
17, 1571874648294, 1571874648329, 1571874649203, 909, 874, 35
18, 1571874718693, 1571874718722, 1571874719334, 641, 612, 29
19, 1571874752880, 1571874752907, 1571874753577, 697, 670, 27
20, 1571874834290, 1571874834310, 1571874834599, 309, 289, 20
21, 1571874880524, 1571874880550, 1571874881738, 1214, 1188, 26
22, 1571874956909, 1571874956935, 1571874957878, 969, 943, 26
23, 1571874992050, 1571874992078, 1571874992813, 763, 735, 28
24, 1571875026232, 1571875026266, 1571875027048, 816, 782, 34
25, 1571875112601, 1571875112628, 1571875113006, 405, 378, 27
26, 1571875182898, 1571875182925, 1571875184162, 1264, 1237, 27
27, 1571875259215, 1571875259243, 1571875260197, 982, 954, 28
28, 1571875315493, 1571875315517, 1571875316313, 820, 796, 24
29, 1571875379770, 1571875379800, 1571875380354, 584, 554, 30
30, 1571875420989, 1571875421016, 1571875421402, 413, 386, 27
31, 1571875501380, 1571875501405, 1571875502588, 1208, 1183, 25
32, 1571875535531, 1571875535561, 1571875536572, 1041, 1011, 30
33, 1571875611875, 1571875611905, 1571875612700, 825, 795, 30
34, 1571875681200, 1571875681229, 1571875681824, 624, 595, 29
35, 1571875735434, 1571875735461, 1571875735859, 425, 398, 27
36, 1571875802686, 1571875802709, 1571875803211, 525, 502, 23
37, 1571875853859, 1571875853888, 1571875854987, 1128, 1099, 29
38, 1571875923150, 1571875923175, 1571875924052, 902, 877, 25
39, 1571875980414, 1571875980434, 1571875981119, 705, 685, 20
40, 1571875995446, 1571875995477, 1571875996266, 820, 789, 31
41, 1571876278672, 1571876278699, 1571876279575, 903, 876, 27
42, 1571876339945, 1571876339973, 1571876340641, 696, 668, 28
43, 1571876395145, 1571876395174, 1571876395750, 605, 576, 29
44, 1571876450352, 1571876450371, 1571876450940, 588, 569, 19
