0, 1571858392455, 1571858392512, 1571858393674, 1219, 1162, 57
1, 1571858554037, 1571858554067, 1571858555375, 1338, 1308, 30
2, 1571858597165, 1571858597198, 1571858598293, 1128, 1095, 33
3, 1571859003565, 1571859003594, 1571859004703, 1138, 1109, 29
4, 1571859023642, 1571859023675, 1571859024721, 1079, 1046, 33
5, 1571859063712, 1571859063738, 1571859064804, 1092, 1066, 26
6, 1571859396856, 1571859396883, 1571859397570, 714, 687, 27
7, 1571859457162, 1571859457189, 1571859457570, 408, 381, 27
8, 1571859537609, 1571859537636, 1571859538735, 1126, 1099, 27
9, 1571859577673, 1571859577699, 1571859578742, 1069, 1043, 26
10, 1571859640934, 1571859640953, 1571859641760, 826, 807, 19
11, 1571859721220, 1571859721237, 1571859721870, 650, 633, 17
12, 1571859772446, 1571859772460, 1571859773342, 896, 882, 14
13, 1571859812526, 1571859812557, 1571859813438, 912, 881, 31
14, 1571859892901, 1571859892919, 1571859893552, 651, 633, 18
15, 1571859954144, 1571859954173, 1571859955589, 1445, 1416, 29
16, 1571860014442, 1571860014469, 1571860015697, 1255, 1228, 27
17, 1571860054596, 1571860054617, 1571860055707, 1111, 1090, 21
18, 1571860134901, 1571860134921, 1571860135871, 970, 950, 20
19, 1571860195178, 1571860195205, 1571860196020, 842, 815, 27
20, 1571860255468, 1571860255495, 1571860256062, 594, 567, 27
21, 1571860315714, 1571860315737, 1571860316181, 467, 444, 23
22, 1571860376010, 1571860376038, 1571860377290, 1280, 1252, 28
23, 1571860436248, 1571860436263, 1571860437401, 1153, 1138, 15
24, 1571860476422, 1571860476437, 1571860477367, 945, 930, 15
25, 1571860516554, 1571860516582, 1571860517434, 880, 852, 28
26, 1571860746417, 1571860746431, 1571860746735, 318, 304, 14
27, 1571860806606, 1571860806623, 1571860806821, 215, 198, 17
28, 1571860950120, 1571860950140, 1571860951450, 1330, 1310, 20
29, 1571861030472, 1571861030499, 1571861031474, 1002, 975, 27
30, 1571861101706, 1571861101723, 1571861102481, 775, 758, 17
31, 1571861161890, 1571861161914, 1571861162530, 640, 616, 24
32, 1571861202033, 1571861202049, 1571861202617, 584, 568, 16
33, 1571861282237, 1571861282259, 1571861282809, 572, 550, 22
34, 1571861342453, 1571861342468, 1571861342933, 480, 465, 15
35, 1571861385609, 1571861385631, 1571861386841, 1232, 1210, 22
36, 1571861457849, 1571861457864, 1571861458908, 1059, 1044, 15
37, 1571861525085, 1571861525102, 1571861525981, 896, 879, 17
38, 1571861555157, 1571861555185, 1571861556030, 873, 845, 28
39, 1571861596360, 1571861596387, 1571861597079, 719, 692, 27
40, 1571861696689, 1571861696704, 1571861697301, 612, 597, 15
41, 1571861725793, 1571861725814, 1571861726353, 560, 539, 21
42, 1571861827173, 1571861827188, 1571861827373, 200, 185, 15
43, 1571861867276, 1571861867303, 1571861868425, 1149, 1122, 27
44, 1571861947496, 1571861947513, 1571861948512, 1016, 999, 17
