0, 1571898320628, 1571898320662, 1571898321624, 996, 962, 34
1, 1571898354721, 1571898354753, 1571898355670, 949, 917, 32
2, 1571898495205, 1571898495230, 1571898495883, 678, 653, 25
3, 1571898530285, 1571898530316, 1571898530876, 591, 560, 31
4, 1571898600511, 1571898600540, 1571898600976, 465, 436, 29
5, 1571898739955, 1571898739988, 1571898741151, 1196, 1163, 33
6, 1571898775118, 1571898775146, 1571898776205, 1087, 1059, 28
7, 1571899297849, 1571899297873, 1571899298925, 1076, 1052, 24
8, 1571899298874, 1571899298901, 1571899299970, 1096, 1069, 27
9, 1571899536885, 1571899536911, 1571899538003, 1118, 1092, 26
10, 1571899572017, 1571899572045, 1571899573067, 1050, 1022, 28
11, 1571899648365, 1571899648392, 1571899649241, 876, 849, 27
12, 1571899724768, 1571899724795, 1571899725492, 724, 697, 27
13, 1571899760879, 1571899760906, 1571899761442, 563, 536, 27
14, 1571899831226, 1571899831252, 1571899831614, 388, 362, 26
15, 1571899875390, 1571899875417, 1571899875767, 377, 350, 27
16, 1571899944751, 1571899944774, 1571899945825, 1074, 1051, 23
17, 1571900016064, 1571900016094, 1571900016925, 861, 831, 30
18, 1571900086440, 1571900086463, 1571900087317, 877, 854, 23
19, 1571900120625, 1571900120651, 1571900121264, 639, 613, 26
20, 1571900202045, 1571900202067, 1571900202409, 364, 342, 22
21, 1571900248297, 1571900248322, 1571900248694, 397, 372, 25
22, 1571900324690, 1571900324715, 1571900325770, 1080, 1055, 25
23, 1571900359829, 1571900359852, 1571900360770, 941, 918, 23
24, 1571900393988, 1571900394019, 1571900394874, 886, 855, 31
25, 1571900480358, 1571900480385, 1571900480945, 587, 560, 27
26, 1571900550664, 1571900550694, 1571900551063, 399, 369, 30
27, 1571900626977, 1571900627006, 1571900627205, 228, 199, 29
28, 1571900683245, 1571900683271, 1571900684299, 1054, 1028, 26
29, 1571900747496, 1571900747524, 1571900748494, 998, 970, 28
30, 1571900788710, 1571900788730, 1571900789492, 782, 762, 20
31, 1571900869088, 1571900869139, 1571900869732, 644, 593, 51
32, 1571900903280, 1571900903307, 1571900904019, 739, 712, 27
33, 1571900979601, 1571900979625, 1571900980225, 624, 600, 24
34, 1571901048924, 1571901048953, 1571901050073, 1149, 1120, 29
35, 1571901103147, 1571901103173, 1571901103936, 789, 763, 26
36, 1571901170399, 1571901170422, 1571901171306, 907, 884, 23
37, 1571901221571, 1571901221598, 1571901222378, 807, 780, 27
38, 1571901290873, 1571901290900, 1571901291621, 748, 721, 27
39, 1571901348139, 1571901348157, 1571901349056, 917, 899, 18
40, 1571901363170, 1571901363199, 1571901364056, 886, 857, 29
41, 1571901646367, 1571901646395, 1571901647354, 987, 959, 28
42, 1571901707644, 1571901707672, 1571901708432, 788, 760, 28
43, 1571901762841, 1571901762868, 1571901763646, 805, 778, 27
44, 1571901818017, 1571901818042, 1571901818814, 797, 772, 25
