0, 1571866004222, 1571866004240, 1571866004526, 304, 286, 18
1, 1571866014277, 1571866014300, 1571866014615, 338, 315, 23
2, 1571866124600, 1571866124626, 1571866125630, 1030, 1004, 26
3, 1571866164752, 1571866164779, 1571866165776, 1024, 997, 27
4, 1571866365336, 1571866365364, 1571866366411, 1075, 1047, 28
5, 1571866425474, 1571866425502, 1571866426547, 1073, 1045, 28
6, 1571866485681, 1571866485710, 1571866486511, 830, 801, 29
7, 1571866545897, 1571866545926, 1571866546571, 674, 645, 29
8, 1571866555958, 1571866555987, 1571866556757, 799, 770, 29
9, 1571866786970, 1571866786999, 1571866788012, 1042, 1013, 29
10, 1571866847207, 1571866847233, 1571866848000, 793, 767, 26
11, 1571866907446, 1571866907475, 1571866908120, 674, 645, 29
12, 1571866957700, 1571866957726, 1571866958142, 442, 416, 26
13, 1571867028027, 1571867028053, 1571867029314, 1287, 1261, 26
14, 1571867078214, 1571867078239, 1571867079336, 1122, 1097, 25
15, 1571867198813, 1571867198834, 1571867199734, 921, 900, 21
16, 1571867269185, 1571867269209, 1571867269642, 457, 433, 24
17, 1571867319497, 1571867319517, 1571867320726, 1229, 1209, 20
18, 1571867389787, 1571867389817, 1571867390911, 1124, 1094, 30
19, 1571867450104, 1571867450128, 1571867450951, 847, 823, 24
20, 1571867510415, 1571867510440, 1571867511047, 632, 607, 25
21, 1571867570681, 1571867570710, 1571867571061, 380, 351, 29
22, 1571867631056, 1571867631084, 1571867632525, 1469, 1441, 28
23, 1571867691337, 1571867691363, 1571867692291, 954, 928, 26
24, 1571867751653, 1571867751679, 1571867752542, 889, 863, 26
25, 1571867811959, 1571867811988, 1571867812428, 469, 440, 29
26, 1571867872174, 1571867872203, 1571867872572, 398, 369, 29
27, 1571867932445, 1571867932473, 1571867933612, 1167, 1139, 28
28, 1571867982677, 1571867982701, 1571867983655, 978, 954, 24
29, 1571868032896, 1571868032923, 1571868033728, 832, 805, 27
30, 1571868173539, 1571868173581, 1571868174720, 1181, 1139, 42
31, 1571868233881, 1571868233902, 1571868234600, 719, 698, 21
32, 1571868284119, 1571868284137, 1571868284686, 567, 549, 18
33, 1571868344357, 1571868344384, 1571868344887, 530, 503, 27
34, 1571868364481, 1571868364505, 1571868364844, 363, 339, 24
35, 1571868535107, 1571868535135, 1571868536041, 934, 906, 28
36, 1571868585336, 1571868585362, 1571868586149, 813, 787, 26
37, 1571868645629, 1571868645651, 1571868646355, 726, 704, 22
38, 1571868705840, 1571868705866, 1571868706338, 498, 472, 26
39, 1571868766132, 1571868766159, 1571868766419, 287, 260, 27
40, 1571868826479, 1571868826499, 1571868827696, 1217, 1197, 20
41, 1571868886647, 1571868886670, 1571868887581, 934, 911, 23
42, 1571868945856, 1571868945883, 1571868946653, 797, 770, 27
43, 1571869007148, 1571869007170, 1571869007718, 570, 548, 22
44, 1571869057293, 1571869057321, 1571869057887, 594, 566, 28
