0, 1571873697324, 1571873697357, 1571873697918, 594, 561, 33
1, 1571873727489, 1571873727523, 1571873728074, 585, 551, 34
2, 1571873757561, 1571873757588, 1571873758020, 459, 432, 27
3, 1571873878025, 1571873878052, 1571873879093, 1068, 1041, 27
4, 1571873938319, 1571873938348, 1571873939176, 857, 828, 29
5, 1571873968522, 1571873968549, 1571873969194, 672, 645, 27
6, 1571874028816, 1571874028842, 1571874029340, 524, 498, 26
7, 1571874116156, 1571874116181, 1571874116379, 223, 198, 25
8, 1571874180421, 1571874180444, 1571874181206, 785, 762, 23
9, 1571874240657, 1571874240686, 1571874241280, 623, 594, 29
10, 1571874331135, 1571874331153, 1571874331443, 308, 290, 18
11, 1571874421481, 1571874421508, 1571874422576, 1095, 1068, 27
12, 1571874451677, 1571874451700, 1571874452645, 968, 945, 23
13, 1571874542127, 1571874542148, 1571874542676, 549, 528, 21
14, 1571874602452, 1571874602484, 1571874602776, 324, 292, 32
15, 1571874632655, 1571874632674, 1571874633816, 1161, 1142, 19
16, 1571874723072, 1571874723099, 1571874724011, 939, 912, 27
17, 1571874783401, 1571874783427, 1571874784036, 635, 609, 26
18, 1571874843712, 1571874843735, 1571874844110, 398, 375, 23
19, 1571874904046, 1571874904073, 1571874905503, 1457, 1430, 27
20, 1571874964306, 1571874964335, 1571874965299, 993, 964, 29
21, 1571875025708, 1571875025734, 1571875026790, 1082, 1056, 26
22, 1571875053815, 1571875053844, 1571875054491, 676, 647, 29
23, 1571875146186, 1571875146209, 1571875146523, 337, 314, 23
24, 1571875206477, 1571875206496, 1571875207650, 1173, 1154, 19
25, 1571875236609, 1571875236629, 1571875237702, 1093, 1073, 20
26, 1571875327026, 1571875327045, 1571875327886, 860, 841, 19
27, 1571875387228, 1571875387246, 1571875388276, 1048, 1030, 18
28, 1571875442524, 1571875442549, 1571875443250, 726, 701, 25
29, 1571875507888, 1571875507915, 1571875508490, 602, 575, 27
30, 1571875538109, 1571875538131, 1571875538419, 310, 288, 22
31, 1571875595388, 1571875595412, 1571875596552, 1164, 1140, 24
32, 1571875688698, 1571875688727, 1571875689536, 838, 809, 29
33, 1571875748944, 1571875748972, 1571875749601, 657, 629, 28
34, 1571875809225, 1571875809254, 1571875809802, 577, 548, 29
35, 1571875839397, 1571875839423, 1571875839706, 309, 283, 26
36, 1571875925690, 1571875925719, 1571875926817, 1127, 1098, 29
37, 1571875981976, 1571875982005, 1571875982952, 976, 947, 29
38, 1571876007133, 1571876007161, 1571876008017, 884, 856, 28
39, 1571876111597, 1571876111623, 1571876112048, 451, 425, 26
40, 1571876160754, 1571876160783, 1571876161099, 345, 316, 29
41, 1571876201994, 1571876202021, 1571876203227, 1233, 1206, 27
42, 1571876292364, 1571876292385, 1571876293435, 1071, 1050, 21
43, 1571876352571, 1571876352600, 1571876353370, 799, 770, 29
44, 1571876412785, 1571876412814, 1571876413595, 810, 781, 29
