0, 1571866453626, 1571866453656, 1571866454306, 680, 650, 30
1, 1571866483775, 1571866483805, 1571866484207, 432, 402, 30
2, 1571866513857, 1571866513887, 1571866514253, 396, 366, 30
3, 1571866634314, 1571866634341, 1571866635449, 1135, 1108, 27
4, 1571866694580, 1571866694603, 1571866695529, 949, 926, 23
5, 1571866724758, 1571866724785, 1571866725558, 800, 773, 27
6, 1571866785052, 1571866785079, 1571866785558, 506, 479, 27
7, 1571866872408, 1571866872432, 1571866872705, 297, 273, 24
8, 1571866936692, 1571866936715, 1571866937806, 1114, 1091, 23
9, 1571866996947, 1571866996967, 1571866997216, 269, 249, 20
10, 1571867087426, 1571867087453, 1571867088379, 953, 926, 27
11, 1571867177771, 1571867177798, 1571867178460, 689, 662, 27
12, 1571867207976, 1571867208002, 1571867208648, 672, 646, 26
13, 1571867298420, 1571867298452, 1571867299708, 1288, 1256, 32
14, 1571867359793, 1571867359811, 1571867360843, 1050, 1032, 18
15, 1571867389997, 1571867390021, 1571867390752, 755, 731, 24
16, 1571867480427, 1571867480453, 1571867480930, 503, 477, 26
17, 1571867540754, 1571867540778, 1571867541981, 1227, 1203, 24
18, 1571867601068, 1571867601095, 1571867601570, 502, 475, 27
19, 1571867661394, 1571867661421, 1571867662527, 1133, 1106, 27
20, 1571867721665, 1571867721694, 1571867722679, 1014, 985, 29
21, 1571867783082, 1571867783107, 1571867783901, 819, 794, 25
22, 1571867811189, 1571867811219, 1571867811811, 622, 592, 30
23, 1571867903575, 1571867903601, 1571867903913, 338, 312, 26
24, 1571867963878, 1571867963905, 1571867964982, 1104, 1077, 27
25, 1571867994021, 1571867994052, 1571867994962, 941, 910, 31
26, 1571868084459, 1571868084485, 1571868085126, 667, 641, 26
27, 1571868144675, 1571868144702, 1571868145367, 692, 665, 27
28, 1571868199983, 1571868200009, 1571868201381, 1398, 1372, 26
29, 1571868265332, 1571868265356, 1571868266456, 1124, 1100, 24
30, 1571868295549, 1571868295575, 1571868296445, 896, 870, 26
31, 1571868352791, 1571868352820, 1571868353628, 837, 808, 29
32, 1571868446130, 1571868446156, 1571868446614, 484, 458, 26
33, 1571868506381, 1571868506407, 1571868507619, 1238, 1212, 26
34, 1571868566664, 1571868566681, 1571868567679, 1015, 998, 17
35, 1571868596822, 1571868596851, 1571868597790, 968, 939, 29
36, 1571868683113, 1571868683141, 1571868684197, 1084, 1056, 28
37, 1571868739390, 1571868739418, 1571868740173, 783, 755, 28
38, 1571868764548, 1571868764575, 1571868764993, 445, 418, 27
39, 1571868869027, 1571868869048, 1571868870281, 1254, 1233, 21
40, 1571868918172, 1571868918201, 1571868919173, 1001, 972, 29
41, 1571868959404, 1571868959431, 1571868960185, 781, 754, 27
42, 1571869049764, 1571869049792, 1571869050276, 512, 484, 28
43, 1571869109987, 1571869110017, 1571869110478, 491, 461, 30
44, 1571869170229, 1571869170258, 1571869171410, 1181, 1152, 29
