0, 1571894643665, 1571894643741, 1571894644798, 1133, 1057, 76
1, 1571894805220, 1571894805251, 1571894805962, 742, 711, 31
2, 1571894848354, 1571894848386, 1571894848927, 573, 541, 32
3, 1571895254707, 1571895254736, 1571895254978, 271, 242, 29
4, 1571895274788, 1571895274832, 1571895275970, 1182, 1138, 44
5, 1571895314871, 1571895314908, 1571895316055, 1184, 1147, 37
6, 1571895648020, 1571895648044, 1571895648315, 295, 271, 24
7, 1571895708308, 1571895708328, 1571895709377, 1069, 1049, 20
8, 1571895788759, 1571895788786, 1571895789993, 1234, 1207, 27
9, 1571895828821, 1571895828842, 1571895830001, 1180, 1159, 21
10, 1571895892145, 1571895892174, 1571895893175, 1030, 1001, 29
11, 1571895972495, 1571895972514, 1571895973251, 756, 737, 19
12, 1571896023774, 1571896023801, 1571896024208, 434, 407, 27
13, 1571896063869, 1571896063892, 1571896064275, 406, 383, 23
14, 1571896144280, 1571896144309, 1571896145311, 1031, 1002, 29
15, 1571896205613, 1571896205643, 1571896206452, 839, 809, 30
16, 1571896265981, 1571896266009, 1571896266445, 464, 436, 28
17, 1571896306157, 1571896306184, 1571896306515, 358, 331, 27
18, 1571896386591, 1571896386618, 1571896386962, 371, 344, 27
19, 1571896446913, 1571896446938, 1571896448067, 1154, 1129, 25
20, 1571896507257, 1571896507283, 1571896508174, 917, 891, 26
21, 1571896567556, 1571896567583, 1571896568190, 634, 607, 27
22, 1571896627923, 1571896627950, 1571896628272, 349, 322, 27
23, 1571896688233, 1571896688259, 1571896689324, 1091, 1065, 26
24, 1571896728461, 1571896728488, 1571896729351, 890, 863, 27
25, 1571896768666, 1571896768695, 1571896769517, 851, 822, 29
26, 1571896998739, 1571896998766, 1571896999757, 1018, 991, 27
27, 1571897058987, 1571897059016, 1571897059825, 838, 809, 29
28, 1571897202613, 1571897202642, 1571897202891, 278, 249, 29
29, 1571897283098, 1571897283126, 1571897284149, 1051, 1023, 28
30, 1571897354418, 1571897354446, 1571897355078, 660, 632, 28
31, 1571897414699, 1571897414727, 1571897415150, 451, 423, 28
32, 1571897454884, 1571897454911, 1571897456224, 1340, 1313, 27
33, 1571897535168, 1571897535184, 1571897536425, 1257, 1241, 16
34, 1571897595435, 1571897595463, 1571897596498, 1063, 1035, 28
35, 1571897638628, 1571897638656, 1571897639441, 813, 785, 28
36, 1571897710917, 1571897710946, 1571897711538, 621, 592, 29
37, 1571897778260, 1571897778289, 1571897778679, 419, 390, 29
38, 1571897808373, 1571897808402, 1571897808671, 298, 269, 29
39, 1571897849595, 1571897849622, 1571897850718, 1123, 1096, 27
40, 1571897949993, 1571897950022, 1571897950886, 893, 864, 29
41, 1571897979125, 1571897979154, 1571897979937, 812, 783, 29
42, 1571898080646, 1571898080675, 1571898080971, 325, 296, 29
43, 1571898120801, 1571898120828, 1571898121057, 256, 229, 27
44, 1571898201108, 1571898201133, 1571898202133, 1025, 1000, 25
